4.560000000000000000e+06	7.000000000000000000e+00
5.155000000000000000e+06	7.000000000000000000e+00
5.170000000000000000e+06	7.000000000000000000e+00
5.175000000000000000e+06	7.000000000000000000e+00
5.180000000000000000e+06	7.000000000000000000e+00
5.185000000000000000e+06	7.000000000000000000e+00
5.190000000000000000e+06	7.000000000000000000e+00
5.195000000000000000e+06	7.000000000000000000e+00
5.200000000000000000e+06	7.000000000000000000e+00
5.205000000000000000e+06	7.000000000000000000e+00
5.210000000000000000e+06	7.000000000000000000e+00
5.215000000000000000e+06	7.000000000000000000e+00
5.220000000000000000e+06	7.000000000000000000e+00
5.225000000000000000e+06	7.000000000000000000e+00
5.230000000000000000e+06	7.000000000000000000e+00
5.235000000000000000e+06	7.000000000000000000e+00
5.240000000000000000e+06	7.000000000000000000e+00
5.245000000000000000e+06	7.000000000000000000e+00
5.250000000000000000e+06	7.000000000000000000e+00
5.255000000000000000e+06	7.000000000000000000e+00
5.260000000000000000e+06	7.000000000000000000e+00
5.265000000000000000e+06	7.000000000000000000e+00
5.270000000000000000e+06	7.000000000000000000e+00
5.275000000000000000e+06	7.000000000000000000e+00
5.280000000000000000e+06	7.000000000000000000e+00
5.285000000000000000e+06	7.000000000000000000e+00
5.290000000000000000e+06	7.000000000000000000e+00
5.295000000000000000e+06	7.000000000000000000e+00
5.300000000000000000e+06	7.000000000000000000e+00
5.305000000000000000e+06	7.000000000000000000e+00
5.310000000000000000e+06	7.000000000000000000e+00
5.315000000000000000e+06	7.000000000000000000e+00
5.320000000000000000e+06	7.000000000000000000e+00
5.325000000000000000e+06	7.000000000000000000e+00
5.330000000000000000e+06	7.000000000000000000e+00
5.335000000000000000e+06	7.000000000000000000e+00
5.340000000000000000e+06	7.000000000000000000e+00
5.345000000000000000e+06	7.000000000000000000e+00
5.350000000000000000e+06	7.000000000000000000e+00
5.355000000000000000e+06	7.000000000000000000e+00
5.360000000000000000e+06	7.000000000000000000e+00
5.365000000000000000e+06	7.000000000000000000e+00
5.370000000000000000e+06	7.000000000000000000e+00
5.375000000000000000e+06	7.000000000000000000e+00
5.380000000000000000e+06	7.000000000000000000e+00
5.385000000000000000e+06	7.000000000000000000e+00
5.390000000000000000e+06	7.000000000000000000e+00
5.395000000000000000e+06	7.000000000000000000e+00
5.400000000000000000e+06	7.000000000000000000e+00
5.415000000000000000e+06	7.000000000000000000e+00
5.420000000000000000e+06	7.000000000000000000e+00
5.425000000000000000e+06	7.000000000000000000e+00
5.430000000000000000e+06	7.000000000000000000e+00
5.435000000000000000e+06	7.000000000000000000e+00
5.440000000000000000e+06	7.000000000000000000e+00
5.445000000000000000e+06	7.000000000000000000e+00
5.450000000000000000e+06	7.000000000000000000e+00
5.455000000000000000e+06	7.000000000000000000e+00
5.460000000000000000e+06	7.000000000000000000e+00
5.465000000000000000e+06	7.000000000000000000e+00
5.470000000000000000e+06	7.000000000000000000e+00
5.475000000000000000e+06	7.000000000000000000e+00
5.480000000000000000e+06	7.000000000000000000e+00
5.485000000000000000e+06	7.000000000000000000e+00
5.490000000000000000e+06	7.000000000000000000e+00
5.495000000000000000e+06	7.000000000000000000e+00
5.500000000000000000e+06	7.000000000000000000e+00
5.505000000000000000e+06	7.000000000000000000e+00
5.510000000000000000e+06	7.000000000000000000e+00
5.515000000000000000e+06	7.000000000000000000e+00
5.520000000000000000e+06	7.000000000000000000e+00
5.525000000000000000e+06	7.000000000000000000e+00
5.530000000000000000e+06	7.000000000000000000e+00
5.535000000000000000e+06	7.000000000000000000e+00
5.540000000000000000e+06	7.000000000000000000e+00
5.545000000000000000e+06	7.000000000000000000e+00
5.550000000000000000e+06	7.000000000000000000e+00
5.555000000000000000e+06	7.000000000000000000e+00
5.560000000000000000e+06	7.000000000000000000e+00
5.565000000000000000e+06	7.000000000000000000e+00
5.570000000000000000e+06	7.000000000000000000e+00
5.575000000000000000e+06	7.000000000000000000e+00
5.580000000000000000e+06	7.000000000000000000e+00
5.585000000000000000e+06	7.000000000000000000e+00
5.590000000000000000e+06	7.000000000000000000e+00
5.595000000000000000e+06	7.000000000000000000e+00
5.600000000000000000e+06	7.000000000000000000e+00
5.605000000000000000e+06	7.000000000000000000e+00
5.610000000000000000e+06	7.000000000000000000e+00
5.615000000000000000e+06	7.000000000000000000e+00
5.620000000000000000e+06	7.000000000000000000e+00
5.625000000000000000e+06	7.000000000000000000e+00
5.630000000000000000e+06	7.000000000000000000e+00
5.635000000000000000e+06	7.000000000000000000e+00
5.640000000000000000e+06	7.000000000000000000e+00
5.645000000000000000e+06	7.000000000000000000e+00
5.650000000000000000e+06	7.000000000000000000e+00
5.655000000000000000e+06	7.000000000000000000e+00
5.660000000000000000e+06	7.000000000000000000e+00
5.665000000000000000e+06	7.000000000000000000e+00
5.670000000000000000e+06	7.000000000000000000e+00
5.675000000000000000e+06	7.000000000000000000e+00
5.680000000000000000e+06	7.000000000000000000e+00
5.685000000000000000e+06	7.000000000000000000e+00
5.690000000000000000e+06	7.000000000000000000e+00
5.695000000000000000e+06	7.000000000000000000e+00
5.700000000000000000e+06	7.000000000000000000e+00
5.705000000000000000e+06	7.000000000000000000e+00
5.710000000000000000e+06	7.000000000000000000e+00
5.715000000000000000e+06	7.000000000000000000e+00
5.720000000000000000e+06	7.000000000000000000e+00
5.725000000000000000e+06	7.000000000000000000e+00
5.730000000000000000e+06	7.000000000000000000e+00
5.735000000000000000e+06	7.000000000000000000e+00
5.740000000000000000e+06	7.000000000000000000e+00
5.745000000000000000e+06	7.000000000000000000e+00
5.750000000000000000e+06	7.000000000000000000e+00
5.820000000000000000e+06	7.000000000000000000e+00
5.875000000000000000e+06	7.000000000000000000e+00
5.880000000000000000e+06	7.000000000000000000e+00
5.885000000000000000e+06	7.000000000000000000e+00
5.955000000000000000e+06	7.000000000000000000e+00
5.970000000000000000e+06	7.000000000000000000e+00
5.975000000000000000e+06	7.000000000000000000e+00
5.980000000000000000e+06	7.000000000000000000e+00
5.985000000000000000e+06	7.000000000000000000e+00
5.990000000000000000e+06	7.000000000000000000e+00
6.055000000000000000e+06	7.000000000000000000e+00
6.060000000000000000e+06	7.000000000000000000e+00
6.075000000000000000e+06	7.000000000000000000e+00
6.080000000000000000e+06	7.000000000000000000e+00
6.085000000000000000e+06	7.000000000000000000e+00
6.090000000000000000e+06	7.000000000000000000e+00
6.095000000000000000e+06	7.000000000000000000e+00
6.100000000000000000e+06	7.000000000000000000e+00
6.105000000000000000e+06	7.000000000000000000e+00
6.110000000000000000e+06	7.000000000000000000e+00
6.115000000000000000e+06	7.000000000000000000e+00
6.120000000000000000e+06	7.000000000000000000e+00
6.135000000000000000e+06	7.000000000000000000e+00
6.140000000000000000e+06	7.000000000000000000e+00
6.145000000000000000e+06	7.000000000000000000e+00
6.150000000000000000e+06	7.000000000000000000e+00
6.155000000000000000e+06	7.000000000000000000e+00
6.160000000000000000e+06	7.000000000000000000e+00
6.165000000000000000e+06	7.000000000000000000e+00
6.170000000000000000e+06	7.000000000000000000e+00
6.175000000000000000e+06	7.000000000000000000e+00
6.180000000000000000e+06	7.000000000000000000e+00
6.185000000000000000e+06	7.000000000000000000e+00
6.190000000000000000e+06	7.000000000000000000e+00
6.195000000000000000e+06	7.000000000000000000e+00
6.200000000000000000e+06	7.000000000000000000e+00
6.205000000000000000e+06	7.000000000000000000e+00
6.210000000000000000e+06	7.000000000000000000e+00
6.215000000000000000e+06	7.000000000000000000e+00
6.220000000000000000e+06	7.000000000000000000e+00
6.225000000000000000e+06	7.000000000000000000e+00
6.230000000000000000e+06	7.000000000000000000e+00
6.235000000000000000e+06	7.000000000000000000e+00
6.240000000000000000e+06	7.000000000000000000e+00
6.245000000000000000e+06	7.000000000000000000e+00
6.250000000000000000e+06	7.000000000000000000e+00
6.255000000000000000e+06	7.000000000000000000e+00
6.260000000000000000e+06	7.000000000000000000e+00
6.265000000000000000e+06	7.000000000000000000e+00
6.270000000000000000e+06	7.000000000000000000e+00
6.275000000000000000e+06	7.000000000000000000e+00
6.280000000000000000e+06	7.000000000000000000e+00
6.285000000000000000e+06	7.000000000000000000e+00
6.290000000000000000e+06	7.000000000000000000e+00
6.295000000000000000e+06	7.000000000000000000e+00
6.300000000000000000e+06	7.000000000000000000e+00
6.305000000000000000e+06	7.000000000000000000e+00
6.355000000000000000e+06	7.000000000000000000e+00
6.360000000000000000e+06	7.000000000000000000e+00
6.365000000000000000e+06	7.000000000000000000e+00
6.370000000000000000e+06	7.000000000000000000e+00
6.380000000000000000e+06	7.000000000000000000e+00
6.385000000000000000e+06	7.000000000000000000e+00
6.390000000000000000e+06	7.000000000000000000e+00
6.395000000000000000e+06	7.000000000000000000e+00
6.400000000000000000e+06	7.000000000000000000e+00
6.405000000000000000e+06	7.000000000000000000e+00
6.410000000000000000e+06	7.000000000000000000e+00
6.415000000000000000e+06	7.000000000000000000e+00
6.420000000000000000e+06	7.000000000000000000e+00
6.425000000000000000e+06	7.000000000000000000e+00
6.430000000000000000e+06	7.000000000000000000e+00
6.435000000000000000e+06	7.000000000000000000e+00
6.440000000000000000e+06	7.000000000000000000e+00
6.445000000000000000e+06	7.000000000000000000e+00
6.450000000000000000e+06	7.000000000000000000e+00
6.455000000000000000e+06	7.000000000000000000e+00
6.460000000000000000e+06	7.000000000000000000e+00
6.465000000000000000e+06	7.000000000000000000e+00
6.470000000000000000e+06	7.000000000000000000e+00
6.475000000000000000e+06	7.000000000000000000e+00
6.480000000000000000e+06	7.000000000000000000e+00
6.485000000000000000e+06	7.000000000000000000e+00
6.490000000000000000e+06	7.000000000000000000e+00
6.495000000000000000e+06	7.000000000000000000e+00
6.500000000000000000e+06	7.000000000000000000e+00
6.505000000000000000e+06	7.000000000000000000e+00
6.510000000000000000e+06	7.000000000000000000e+00
6.515000000000000000e+06	7.000000000000000000e+00
6.520000000000000000e+06	7.000000000000000000e+00
6.525000000000000000e+06	7.000000000000000000e+00
6.530000000000000000e+06	7.000000000000000000e+00
6.535000000000000000e+06	7.000000000000000000e+00
6.540000000000000000e+06	7.000000000000000000e+00
6.545000000000000000e+06	7.000000000000000000e+00
6.550000000000000000e+06	7.000000000000000000e+00
6.555000000000000000e+06	7.000000000000000000e+00
6.560000000000000000e+06	7.000000000000000000e+00
6.565000000000000000e+06	7.000000000000000000e+00
6.570000000000000000e+06	7.000000000000000000e+00
6.575000000000000000e+06	7.000000000000000000e+00
6.580000000000000000e+06	7.000000000000000000e+00
6.585000000000000000e+06	7.000000000000000000e+00
6.590000000000000000e+06	7.000000000000000000e+00
6.595000000000000000e+06	7.000000000000000000e+00
6.600000000000000000e+06	7.000000000000000000e+00
6.605000000000000000e+06	7.000000000000000000e+00
6.610000000000000000e+06	7.000000000000000000e+00
6.615000000000000000e+06	7.000000000000000000e+00
6.620000000000000000e+06	7.000000000000000000e+00
6.625000000000000000e+06	7.000000000000000000e+00
6.630000000000000000e+06	7.000000000000000000e+00
6.635000000000000000e+06	7.000000000000000000e+00
6.640000000000000000e+06	7.000000000000000000e+00
6.645000000000000000e+06	7.000000000000000000e+00
6.650000000000000000e+06	7.000000000000000000e+00
6.655000000000000000e+06	7.000000000000000000e+00
6.660000000000000000e+06	7.000000000000000000e+00
6.665000000000000000e+06	7.000000000000000000e+00
6.670000000000000000e+06	7.000000000000000000e+00
6.675000000000000000e+06	7.000000000000000000e+00
6.680000000000000000e+06	7.000000000000000000e+00
6.685000000000000000e+06	7.000000000000000000e+00
6.690000000000000000e+06	7.000000000000000000e+00
6.695000000000000000e+06	7.000000000000000000e+00
6.700000000000000000e+06	7.000000000000000000e+00
6.705000000000000000e+06	7.000000000000000000e+00
6.710000000000000000e+06	7.000000000000000000e+00
6.715000000000000000e+06	7.000000000000000000e+00
6.720000000000000000e+06	7.000000000000000000e+00
6.725000000000000000e+06	7.000000000000000000e+00
6.730000000000000000e+06	7.000000000000000000e+00
6.735000000000000000e+06	7.000000000000000000e+00
6.740000000000000000e+06	7.000000000000000000e+00
6.745000000000000000e+06	7.000000000000000000e+00
6.750000000000000000e+06	7.000000000000000000e+00
6.755000000000000000e+06	7.000000000000000000e+00
6.760000000000000000e+06	7.000000000000000000e+00
6.765000000000000000e+06	7.000000000000000000e+00
6.770000000000000000e+06	7.000000000000000000e+00
6.775000000000000000e+06	7.000000000000000000e+00
6.780000000000000000e+06	7.000000000000000000e+00
6.785000000000000000e+06	7.000000000000000000e+00
6.790000000000000000e+06	7.000000000000000000e+00
6.795000000000000000e+06	7.000000000000000000e+00
6.800000000000000000e+06	7.000000000000000000e+00
6.805000000000000000e+06	7.000000000000000000e+00
6.810000000000000000e+06	7.000000000000000000e+00
6.815000000000000000e+06	7.000000000000000000e+00
6.820000000000000000e+06	7.000000000000000000e+00
6.825000000000000000e+06	7.000000000000000000e+00
6.830000000000000000e+06	7.000000000000000000e+00
6.835000000000000000e+06	7.000000000000000000e+00
6.840000000000000000e+06	7.000000000000000000e+00
6.845000000000000000e+06	7.000000000000000000e+00
6.850000000000000000e+06	7.000000000000000000e+00
6.855000000000000000e+06	7.000000000000000000e+00
6.860000000000000000e+06	7.000000000000000000e+00
6.865000000000000000e+06	7.000000000000000000e+00
6.870000000000000000e+06	7.000000000000000000e+00
6.875000000000000000e+06	7.000000000000000000e+00
6.880000000000000000e+06	7.000000000000000000e+00
6.885000000000000000e+06	7.000000000000000000e+00
6.890000000000000000e+06	7.000000000000000000e+00
6.895000000000000000e+06	7.000000000000000000e+00
6.900000000000000000e+06	7.000000000000000000e+00
6.905000000000000000e+06	7.000000000000000000e+00
6.910000000000000000e+06	7.000000000000000000e+00
6.915000000000000000e+06	7.000000000000000000e+00
6.920000000000000000e+06	7.000000000000000000e+00
6.925000000000000000e+06	7.000000000000000000e+00
6.930000000000000000e+06	7.000000000000000000e+00
6.935000000000000000e+06	7.000000000000000000e+00
6.940000000000000000e+06	7.000000000000000000e+00
6.945000000000000000e+06	7.000000000000000000e+00
6.950000000000000000e+06	7.000000000000000000e+00
6.955000000000000000e+06	7.000000000000000000e+00
6.960000000000000000e+06	7.000000000000000000e+00
6.965000000000000000e+06	7.000000000000000000e+00
6.970000000000000000e+06	7.000000000000000000e+00
6.975000000000000000e+06	7.000000000000000000e+00
6.980000000000000000e+06	7.000000000000000000e+00
6.985000000000000000e+06	7.000000000000000000e+00
6.990000000000000000e+06	7.000000000000000000e+00
6.995000000000000000e+06	7.000000000000000000e+00
7.000000000000000000e+06	7.000000000000000000e+00
7.005000000000000000e+06	7.000000000000000000e+00
7.010000000000000000e+06	7.000000000000000000e+00
7.015000000000000000e+06	7.000000000000000000e+00
7.020000000000000000e+06	7.000000000000000000e+00
7.025000000000000000e+06	7.000000000000000000e+00
7.030000000000000000e+06	7.000000000000000000e+00
7.035000000000000000e+06	7.000000000000000000e+00
7.040000000000000000e+06	7.000000000000000000e+00
7.045000000000000000e+06	7.000000000000000000e+00
7.050000000000000000e+06	7.000000000000000000e+00
7.055000000000000000e+06	7.000000000000000000e+00
7.060000000000000000e+06	7.000000000000000000e+00
7.065000000000000000e+06	7.000000000000000000e+00
7.070000000000000000e+06	7.000000000000000000e+00
7.075000000000000000e+06	7.000000000000000000e+00
7.080000000000000000e+06	7.000000000000000000e+00
7.085000000000000000e+06	7.000000000000000000e+00
7.090000000000000000e+06	7.000000000000000000e+00
7.095000000000000000e+06	7.000000000000000000e+00
7.100000000000000000e+06	7.000000000000000000e+00
7.105000000000000000e+06	7.000000000000000000e+00
7.110000000000000000e+06	7.000000000000000000e+00
7.115000000000000000e+06	7.000000000000000000e+00
7.120000000000000000e+06	7.000000000000000000e+00
7.125000000000000000e+06	7.000000000000000000e+00
7.130000000000000000e+06	7.000000000000000000e+00
7.135000000000000000e+06	7.000000000000000000e+00
7.140000000000000000e+06	7.000000000000000000e+00
7.145000000000000000e+06	7.000000000000000000e+00
7.150000000000000000e+06	7.000000000000000000e+00
7.155000000000000000e+06	7.000000000000000000e+00
7.160000000000000000e+06	7.000000000000000000e+00
7.165000000000000000e+06	7.000000000000000000e+00
7.170000000000000000e+06	7.000000000000000000e+00
7.175000000000000000e+06	7.000000000000000000e+00
7.180000000000000000e+06	7.000000000000000000e+00
7.185000000000000000e+06	7.000000000000000000e+00
7.190000000000000000e+06	7.000000000000000000e+00
7.195000000000000000e+06	7.000000000000000000e+00
7.200000000000000000e+06	7.000000000000000000e+00
7.205000000000000000e+06	7.000000000000000000e+00
7.210000000000000000e+06	7.000000000000000000e+00
7.215000000000000000e+06	7.000000000000000000e+00
7.220000000000000000e+06	7.000000000000000000e+00
7.225000000000000000e+06	7.000000000000000000e+00
7.230000000000000000e+06	7.000000000000000000e+00
7.235000000000000000e+06	7.000000000000000000e+00
7.240000000000000000e+06	7.000000000000000000e+00
7.245000000000000000e+06	7.000000000000000000e+00
7.250000000000000000e+06	7.000000000000000000e+00
7.255000000000000000e+06	7.000000000000000000e+00
7.305000000000000000e+06	7.000000000000000000e+00
1.041000000000000000e+07	7.000000000000000000e+00
1.041500000000000000e+07	7.000000000000000000e+00
1.042000000000000000e+07	7.000000000000000000e+00
1.042500000000000000e+07	7.000000000000000000e+00
1.043000000000000000e+07	7.000000000000000000e+00
1.043500000000000000e+07	7.000000000000000000e+00
1.044000000000000000e+07	7.000000000000000000e+00
1.044500000000000000e+07	7.000000000000000000e+00
1.045000000000000000e+07	7.000000000000000000e+00
1.045500000000000000e+07	7.000000000000000000e+00
1.046000000000000000e+07	7.000000000000000000e+00
1.046500000000000000e+07	7.000000000000000000e+00
1.047000000000000000e+07	7.000000000000000000e+00
1.047500000000000000e+07	7.000000000000000000e+00
1.048000000000000000e+07	7.000000000000000000e+00
1.048500000000000000e+07	7.000000000000000000e+00
1.049000000000000000e+07	7.000000000000000000e+00
1.049500000000000000e+07	7.000000000000000000e+00
1.050000000000000000e+07	7.000000000000000000e+00
1.050500000000000000e+07	7.000000000000000000e+00
1.051000000000000000e+07	7.000000000000000000e+00
1.051500000000000000e+07	7.000000000000000000e+00
1.052000000000000000e+07	7.000000000000000000e+00
1.052500000000000000e+07	7.000000000000000000e+00
1.053000000000000000e+07	7.000000000000000000e+00
1.053500000000000000e+07	7.000000000000000000e+00
1.054000000000000000e+07	7.000000000000000000e+00
1.054500000000000000e+07	7.000000000000000000e+00
1.055000000000000000e+07	7.000000000000000000e+00
1.055500000000000000e+07	7.000000000000000000e+00
1.056000000000000000e+07	7.000000000000000000e+00
1.056500000000000000e+07	7.000000000000000000e+00
1.057000000000000000e+07	7.000000000000000000e+00
1.057500000000000000e+07	7.000000000000000000e+00
1.058000000000000000e+07	7.000000000000000000e+00
1.058500000000000000e+07	7.000000000000000000e+00
1.059000000000000000e+07	7.000000000000000000e+00
1.059500000000000000e+07	7.000000000000000000e+00
1.060000000000000000e+07	7.000000000000000000e+00
1.060500000000000000e+07	7.000000000000000000e+00
1.061000000000000000e+07	7.000000000000000000e+00
1.061500000000000000e+07	7.000000000000000000e+00
1.062000000000000000e+07	7.000000000000000000e+00
1.062500000000000000e+07	7.000000000000000000e+00
1.063000000000000000e+07	7.000000000000000000e+00
1.063500000000000000e+07	7.000000000000000000e+00
1.064000000000000000e+07	7.000000000000000000e+00
1.064500000000000000e+07	7.000000000000000000e+00
1.065000000000000000e+07	7.000000000000000000e+00
1.065500000000000000e+07	7.000000000000000000e+00
1.066000000000000000e+07	7.000000000000000000e+00
1.066500000000000000e+07	7.000000000000000000e+00
1.067000000000000000e+07	7.000000000000000000e+00
1.067500000000000000e+07	7.000000000000000000e+00
1.068000000000000000e+07	7.000000000000000000e+00
1.068500000000000000e+07	7.000000000000000000e+00
1.069000000000000000e+07	7.000000000000000000e+00
1.069500000000000000e+07	7.000000000000000000e+00
1.070000000000000000e+07	7.000000000000000000e+00
1.070500000000000000e+07	7.000000000000000000e+00
1.071000000000000000e+07	7.000000000000000000e+00
1.071500000000000000e+07	7.000000000000000000e+00
1.072000000000000000e+07	7.000000000000000000e+00
1.084000000000000000e+07	7.000000000000000000e+00
1.087000000000000000e+07	7.000000000000000000e+00
1.087500000000000000e+07	7.000000000000000000e+00
1.088000000000000000e+07	7.000000000000000000e+00
1.088500000000000000e+07	7.000000000000000000e+00
1.089000000000000000e+07	7.000000000000000000e+00
1.089500000000000000e+07	7.000000000000000000e+00
1.090000000000000000e+07	7.000000000000000000e+00
1.090500000000000000e+07	7.000000000000000000e+00
1.091000000000000000e+07	7.000000000000000000e+00
1.091500000000000000e+07	7.000000000000000000e+00
1.092000000000000000e+07	7.000000000000000000e+00
1.092500000000000000e+07	7.000000000000000000e+00
1.093000000000000000e+07	7.000000000000000000e+00
1.094500000000000000e+07	7.000000000000000000e+00
1.096500000000000000e+07	7.000000000000000000e+00
1.097000000000000000e+07	7.000000000000000000e+00
1.100000000000000000e+07	7.000000000000000000e+00
1.100500000000000000e+07	7.000000000000000000e+00
1.101000000000000000e+07	7.000000000000000000e+00
1.101500000000000000e+07	7.000000000000000000e+00
1.102000000000000000e+07	7.000000000000000000e+00
1.102500000000000000e+07	7.000000000000000000e+00
1.103000000000000000e+07	7.000000000000000000e+00
1.105000000000000000e+07	7.000000000000000000e+00
1.105500000000000000e+07	7.000000000000000000e+00
1.106000000000000000e+07	7.000000000000000000e+00
1.106500000000000000e+07	7.000000000000000000e+00
1.107000000000000000e+07	7.000000000000000000e+00
1.107500000000000000e+07	7.000000000000000000e+00
1.108000000000000000e+07	7.000000000000000000e+00
1.108500000000000000e+07	7.000000000000000000e+00
1.109000000000000000e+07	7.000000000000000000e+00
1.109500000000000000e+07	7.000000000000000000e+00
1.110000000000000000e+07	7.000000000000000000e+00
1.110500000000000000e+07	7.000000000000000000e+00
1.116500000000000000e+07	7.000000000000000000e+00
1.117000000000000000e+07	7.000000000000000000e+00
1.144500000000000000e+07	7.000000000000000000e+00
1.145000000000000000e+07	7.000000000000000000e+00
1.147500000000000000e+07	7.000000000000000000e+00
1.148000000000000000e+07	7.000000000000000000e+00
1.153000000000000000e+07	7.000000000000000000e+00
1.154500000000000000e+07	7.000000000000000000e+00
1.155000000000000000e+07	7.000000000000000000e+00
1.155500000000000000e+07	7.000000000000000000e+00
1.156000000000000000e+07	7.000000000000000000e+00
1.156500000000000000e+07	7.000000000000000000e+00
1.157000000000000000e+07	7.000000000000000000e+00
1.157500000000000000e+07	7.000000000000000000e+00
1.158000000000000000e+07	7.000000000000000000e+00
1.158500000000000000e+07	7.000000000000000000e+00
1.159000000000000000e+07	7.000000000000000000e+00
1.159500000000000000e+07	7.000000000000000000e+00
1.160000000000000000e+07	7.000000000000000000e+00
1.160500000000000000e+07	7.000000000000000000e+00
1.161000000000000000e+07	7.000000000000000000e+00
1.161500000000000000e+07	7.000000000000000000e+00
1.162000000000000000e+07	7.000000000000000000e+00
1.162500000000000000e+07	7.000000000000000000e+00
1.163000000000000000e+07	7.000000000000000000e+00
1.163500000000000000e+07	7.000000000000000000e+00
1.164000000000000000e+07	7.000000000000000000e+00
1.164500000000000000e+07	7.000000000000000000e+00
1.165000000000000000e+07	7.000000000000000000e+00
1.165500000000000000e+07	7.000000000000000000e+00
1.166000000000000000e+07	7.000000000000000000e+00
1.166500000000000000e+07	7.000000000000000000e+00
1.167000000000000000e+07	7.000000000000000000e+00
1.167500000000000000e+07	7.000000000000000000e+00
1.168000000000000000e+07	7.000000000000000000e+00
1.168500000000000000e+07	7.000000000000000000e+00
1.169000000000000000e+07	7.000000000000000000e+00
1.169500000000000000e+07	7.000000000000000000e+00
1.170000000000000000e+07	7.000000000000000000e+00
1.170500000000000000e+07	7.000000000000000000e+00
1.171000000000000000e+07	7.000000000000000000e+00
1.171500000000000000e+07	7.000000000000000000e+00
1.172000000000000000e+07	7.000000000000000000e+00
1.172500000000000000e+07	7.000000000000000000e+00
1.173000000000000000e+07	7.000000000000000000e+00
1.173500000000000000e+07	7.000000000000000000e+00
1.174000000000000000e+07	7.000000000000000000e+00
1.174500000000000000e+07	7.000000000000000000e+00
1.175000000000000000e+07	7.000000000000000000e+00
1.175500000000000000e+07	7.000000000000000000e+00
1.176000000000000000e+07	7.000000000000000000e+00
1.176500000000000000e+07	7.000000000000000000e+00
1.177000000000000000e+07	7.000000000000000000e+00
1.177500000000000000e+07	7.000000000000000000e+00
1.178000000000000000e+07	7.000000000000000000e+00
1.178500000000000000e+07	7.000000000000000000e+00
1.179000000000000000e+07	7.000000000000000000e+00
1.179500000000000000e+07	7.000000000000000000e+00
1.180000000000000000e+07	7.000000000000000000e+00
1.180500000000000000e+07	7.000000000000000000e+00
1.181000000000000000e+07	7.000000000000000000e+00
1.181500000000000000e+07	7.000000000000000000e+00
1.182000000000000000e+07	7.000000000000000000e+00
1.182500000000000000e+07	7.000000000000000000e+00
1.183000000000000000e+07	7.000000000000000000e+00
1.183500000000000000e+07	7.000000000000000000e+00
1.184000000000000000e+07	7.000000000000000000e+00
1.184500000000000000e+07	7.000000000000000000e+00
1.185000000000000000e+07	7.000000000000000000e+00
1.185500000000000000e+07	7.000000000000000000e+00
1.186000000000000000e+07	7.000000000000000000e+00
1.186500000000000000e+07	7.000000000000000000e+00
1.187000000000000000e+07	7.000000000000000000e+00
1.187500000000000000e+07	7.000000000000000000e+00
1.188000000000000000e+07	7.000000000000000000e+00
1.188500000000000000e+07	7.000000000000000000e+00
1.189000000000000000e+07	7.000000000000000000e+00
1.189500000000000000e+07	7.000000000000000000e+00
1.190000000000000000e+07	7.000000000000000000e+00
1.190500000000000000e+07	7.000000000000000000e+00
1.191000000000000000e+07	7.000000000000000000e+00
1.191500000000000000e+07	7.000000000000000000e+00
1.192000000000000000e+07	7.000000000000000000e+00
1.192500000000000000e+07	7.000000000000000000e+00
1.193000000000000000e+07	7.000000000000000000e+00
1.193500000000000000e+07	7.000000000000000000e+00
1.194000000000000000e+07	7.000000000000000000e+00
1.194500000000000000e+07	7.000000000000000000e+00
1.195000000000000000e+07	7.000000000000000000e+00
1.195500000000000000e+07	7.000000000000000000e+00
1.196000000000000000e+07	7.000000000000000000e+00
1.196500000000000000e+07	7.000000000000000000e+00
1.197000000000000000e+07	7.000000000000000000e+00
1.197500000000000000e+07	7.000000000000000000e+00
1.198000000000000000e+07	7.000000000000000000e+00
1.198500000000000000e+07	7.000000000000000000e+00
1.199000000000000000e+07	7.000000000000000000e+00
1.199500000000000000e+07	7.000000000000000000e+00
1.200000000000000000e+07	7.000000000000000000e+00
1.200500000000000000e+07	7.000000000000000000e+00
1.201000000000000000e+07	7.000000000000000000e+00
1.201500000000000000e+07	7.000000000000000000e+00
1.202000000000000000e+07	7.000000000000000000e+00
1.202500000000000000e+07	7.000000000000000000e+00
1.203000000000000000e+07	7.000000000000000000e+00
1.203500000000000000e+07	7.000000000000000000e+00
1.204000000000000000e+07	7.000000000000000000e+00
1.204500000000000000e+07	7.000000000000000000e+00
1.205000000000000000e+07	7.000000000000000000e+00
1.205500000000000000e+07	7.000000000000000000e+00
1.206000000000000000e+07	7.000000000000000000e+00
1.206500000000000000e+07	7.000000000000000000e+00
1.207000000000000000e+07	7.000000000000000000e+00
1.207500000000000000e+07	7.000000000000000000e+00
1.208000000000000000e+07	7.000000000000000000e+00
1.208500000000000000e+07	7.000000000000000000e+00
1.209000000000000000e+07	7.000000000000000000e+00
1.209500000000000000e+07	7.000000000000000000e+00
1.210000000000000000e+07	7.000000000000000000e+00
1.210500000000000000e+07	7.000000000000000000e+00
1.211000000000000000e+07	7.000000000000000000e+00
1.211500000000000000e+07	7.000000000000000000e+00
1.212000000000000000e+07	7.000000000000000000e+00
1.212500000000000000e+07	7.000000000000000000e+00
1.213000000000000000e+07	7.000000000000000000e+00
1.213500000000000000e+07	7.000000000000000000e+00
1.214000000000000000e+07	7.000000000000000000e+00
1.214500000000000000e+07	7.000000000000000000e+00
1.215000000000000000e+07	7.000000000000000000e+00
1.215500000000000000e+07	7.000000000000000000e+00
1.216000000000000000e+07	7.000000000000000000e+00
1.216500000000000000e+07	7.000000000000000000e+00
1.217000000000000000e+07	7.000000000000000000e+00
1.217500000000000000e+07	7.000000000000000000e+00
1.218000000000000000e+07	7.000000000000000000e+00
1.218500000000000000e+07	7.000000000000000000e+00
1.219000000000000000e+07	7.000000000000000000e+00
1.219500000000000000e+07	7.000000000000000000e+00
1.220000000000000000e+07	7.000000000000000000e+00
1.220500000000000000e+07	7.000000000000000000e+00
1.221000000000000000e+07	7.000000000000000000e+00
1.221500000000000000e+07	7.000000000000000000e+00
1.222000000000000000e+07	7.000000000000000000e+00
1.222500000000000000e+07	7.000000000000000000e+00
1.223000000000000000e+07	7.000000000000000000e+00
1.223500000000000000e+07	7.000000000000000000e+00
1.224000000000000000e+07	7.000000000000000000e+00
1.224500000000000000e+07	7.000000000000000000e+00
1.225000000000000000e+07	7.000000000000000000e+00
1.225500000000000000e+07	7.000000000000000000e+00
1.226000000000000000e+07	7.000000000000000000e+00
1.226500000000000000e+07	7.000000000000000000e+00
1.227000000000000000e+07	7.000000000000000000e+00
1.227500000000000000e+07	7.000000000000000000e+00
1.228000000000000000e+07	7.000000000000000000e+00
1.228500000000000000e+07	7.000000000000000000e+00
1.229000000000000000e+07	7.000000000000000000e+00
1.229500000000000000e+07	7.000000000000000000e+00
1.230000000000000000e+07	7.000000000000000000e+00
1.230500000000000000e+07	7.000000000000000000e+00
1.231000000000000000e+07	7.000000000000000000e+00
1.231500000000000000e+07	7.000000000000000000e+00
1.232000000000000000e+07	7.000000000000000000e+00
1.232500000000000000e+07	7.000000000000000000e+00
1.233000000000000000e+07	7.000000000000000000e+00
1.233500000000000000e+07	7.000000000000000000e+00
1.234000000000000000e+07	7.000000000000000000e+00
1.234500000000000000e+07	7.000000000000000000e+00
1.235000000000000000e+07	7.000000000000000000e+00
1.235500000000000000e+07	7.000000000000000000e+00
1.236000000000000000e+07	7.000000000000000000e+00
1.236500000000000000e+07	7.000000000000000000e+00
1.237000000000000000e+07	7.000000000000000000e+00
1.237500000000000000e+07	7.000000000000000000e+00
1.238000000000000000e+07	7.000000000000000000e+00
1.238500000000000000e+07	7.000000000000000000e+00
1.239000000000000000e+07	7.000000000000000000e+00
1.239500000000000000e+07	7.000000000000000000e+00
1.240000000000000000e+07	7.000000000000000000e+00
1.240500000000000000e+07	7.000000000000000000e+00
1.241000000000000000e+07	7.000000000000000000e+00
1.241500000000000000e+07	7.000000000000000000e+00
1.242000000000000000e+07	7.000000000000000000e+00
1.242500000000000000e+07	7.000000000000000000e+00
1.243000000000000000e+07	7.000000000000000000e+00
1.243500000000000000e+07	7.000000000000000000e+00
1.244000000000000000e+07	7.000000000000000000e+00
1.244500000000000000e+07	7.000000000000000000e+00
1.245000000000000000e+07	7.000000000000000000e+00
1.245500000000000000e+07	7.000000000000000000e+00
1.246000000000000000e+07	7.000000000000000000e+00
1.246500000000000000e+07	7.000000000000000000e+00
1.247000000000000000e+07	7.000000000000000000e+00
1.247500000000000000e+07	7.000000000000000000e+00
1.248000000000000000e+07	7.000000000000000000e+00
1.248500000000000000e+07	7.000000000000000000e+00
1.249000000000000000e+07	7.000000000000000000e+00
1.249500000000000000e+07	7.000000000000000000e+00
1.250000000000000000e+07	7.000000000000000000e+00
1.251500000000000000e+07	7.000000000000000000e+00
1.252000000000000000e+07	7.000000000000000000e+00
1.252500000000000000e+07	7.000000000000000000e+00
1.253000000000000000e+07	7.000000000000000000e+00
1.253500000000000000e+07	7.000000000000000000e+00
1.254000000000000000e+07	7.000000000000000000e+00
1.254500000000000000e+07	7.000000000000000000e+00
1.255000000000000000e+07	7.000000000000000000e+00
1.255500000000000000e+07	7.000000000000000000e+00
1.256000000000000000e+07	7.000000000000000000e+00
1.256500000000000000e+07	7.000000000000000000e+00
1.257000000000000000e+07	7.000000000000000000e+00
1.257500000000000000e+07	7.000000000000000000e+00
1.258000000000000000e+07	7.000000000000000000e+00
1.258500000000000000e+07	7.000000000000000000e+00
1.259000000000000000e+07	7.000000000000000000e+00
1.259500000000000000e+07	7.000000000000000000e+00
1.260000000000000000e+07	7.000000000000000000e+00
1.260500000000000000e+07	7.000000000000000000e+00
1.261000000000000000e+07	7.000000000000000000e+00
1.261500000000000000e+07	7.000000000000000000e+00
1.262000000000000000e+07	7.000000000000000000e+00
1.262500000000000000e+07	7.000000000000000000e+00
1.263000000000000000e+07	7.000000000000000000e+00
1.263500000000000000e+07	7.000000000000000000e+00
1.264000000000000000e+07	7.000000000000000000e+00
1.264500000000000000e+07	7.000000000000000000e+00
1.265000000000000000e+07	7.000000000000000000e+00
1.265500000000000000e+07	7.000000000000000000e+00
1.266000000000000000e+07	7.000000000000000000e+00
1.266500000000000000e+07	7.000000000000000000e+00
1.267000000000000000e+07	7.000000000000000000e+00
1.267500000000000000e+07	7.000000000000000000e+00
1.268000000000000000e+07	7.000000000000000000e+00
1.268500000000000000e+07	7.000000000000000000e+00
1.269000000000000000e+07	7.000000000000000000e+00
1.269500000000000000e+07	7.000000000000000000e+00
1.270000000000000000e+07	7.000000000000000000e+00
1.270500000000000000e+07	7.000000000000000000e+00
1.271000000000000000e+07	7.000000000000000000e+00
1.271500000000000000e+07	7.000000000000000000e+00
1.272000000000000000e+07	7.000000000000000000e+00
1.272500000000000000e+07	7.000000000000000000e+00
1.273000000000000000e+07	7.000000000000000000e+00
1.273500000000000000e+07	7.000000000000000000e+00
1.274000000000000000e+07	7.000000000000000000e+00
1.274500000000000000e+07	7.000000000000000000e+00
1.275000000000000000e+07	7.000000000000000000e+00
1.275500000000000000e+07	7.000000000000000000e+00
1.276000000000000000e+07	7.000000000000000000e+00
1.276500000000000000e+07	7.000000000000000000e+00
1.277000000000000000e+07	7.000000000000000000e+00
1.277500000000000000e+07	7.000000000000000000e+00
1.278000000000000000e+07	7.000000000000000000e+00
1.278500000000000000e+07	7.000000000000000000e+00
1.279000000000000000e+07	7.000000000000000000e+00
1.279500000000000000e+07	7.000000000000000000e+00
1.280000000000000000e+07	7.000000000000000000e+00
1.280500000000000000e+07	7.000000000000000000e+00
1.281000000000000000e+07	7.000000000000000000e+00
1.281500000000000000e+07	7.000000000000000000e+00
1.282000000000000000e+07	7.000000000000000000e+00
1.282500000000000000e+07	7.000000000000000000e+00
1.283000000000000000e+07	7.000000000000000000e+00
1.283500000000000000e+07	7.000000000000000000e+00
1.284000000000000000e+07	7.000000000000000000e+00
1.284500000000000000e+07	7.000000000000000000e+00
1.285000000000000000e+07	7.000000000000000000e+00
1.285500000000000000e+07	7.000000000000000000e+00
1.286000000000000000e+07	7.000000000000000000e+00
1.286500000000000000e+07	7.000000000000000000e+00
1.287000000000000000e+07	7.000000000000000000e+00
1.287500000000000000e+07	7.000000000000000000e+00
1.288000000000000000e+07	7.000000000000000000e+00
1.288500000000000000e+07	7.000000000000000000e+00
1.289000000000000000e+07	7.000000000000000000e+00
1.289500000000000000e+07	7.000000000000000000e+00
1.290000000000000000e+07	7.000000000000000000e+00
1.290500000000000000e+07	7.000000000000000000e+00
1.291000000000000000e+07	7.000000000000000000e+00
1.291500000000000000e+07	7.000000000000000000e+00
1.292000000000000000e+07	7.000000000000000000e+00
1.292500000000000000e+07	7.000000000000000000e+00
1.293000000000000000e+07	7.000000000000000000e+00
1.293500000000000000e+07	7.000000000000000000e+00
1.294000000000000000e+07	7.000000000000000000e+00
1.294500000000000000e+07	7.000000000000000000e+00
1.295000000000000000e+07	7.000000000000000000e+00
1.295500000000000000e+07	7.000000000000000000e+00
1.296000000000000000e+07	7.000000000000000000e+00
1.296500000000000000e+07	7.000000000000000000e+00
1.297000000000000000e+07	7.000000000000000000e+00
1.297500000000000000e+07	7.000000000000000000e+00
1.298000000000000000e+07	7.000000000000000000e+00
1.298500000000000000e+07	7.000000000000000000e+00
1.299000000000000000e+07	7.000000000000000000e+00
1.299500000000000000e+07	7.000000000000000000e+00
1.300000000000000000e+07	7.000000000000000000e+00
1.300500000000000000e+07	7.000000000000000000e+00
1.301000000000000000e+07	7.000000000000000000e+00
1.301500000000000000e+07	7.000000000000000000e+00
1.302000000000000000e+07	7.000000000000000000e+00
1.302500000000000000e+07	7.000000000000000000e+00
1.303000000000000000e+07	7.000000000000000000e+00
1.303500000000000000e+07	7.000000000000000000e+00
1.304000000000000000e+07	7.000000000000000000e+00
1.304500000000000000e+07	7.000000000000000000e+00
1.305000000000000000e+07	7.000000000000000000e+00
1.305500000000000000e+07	7.000000000000000000e+00
1.306000000000000000e+07	7.000000000000000000e+00
1.306500000000000000e+07	7.000000000000000000e+00
1.307000000000000000e+07	7.000000000000000000e+00
1.307500000000000000e+07	7.000000000000000000e+00
1.308000000000000000e+07	7.000000000000000000e+00
1.308500000000000000e+07	7.000000000000000000e+00
1.309000000000000000e+07	7.000000000000000000e+00
1.309500000000000000e+07	7.000000000000000000e+00
1.310000000000000000e+07	7.000000000000000000e+00
1.310500000000000000e+07	7.000000000000000000e+00
1.311000000000000000e+07	7.000000000000000000e+00
1.311500000000000000e+07	7.000000000000000000e+00
1.312000000000000000e+07	7.000000000000000000e+00
1.312500000000000000e+07	7.000000000000000000e+00
1.313000000000000000e+07	7.000000000000000000e+00
1.313500000000000000e+07	7.000000000000000000e+00
1.314000000000000000e+07	7.000000000000000000e+00
1.314500000000000000e+07	7.000000000000000000e+00
1.315000000000000000e+07	7.000000000000000000e+00
1.315500000000000000e+07	7.000000000000000000e+00
1.316000000000000000e+07	7.000000000000000000e+00
1.316500000000000000e+07	7.000000000000000000e+00
1.317000000000000000e+07	7.000000000000000000e+00
1.317500000000000000e+07	7.000000000000000000e+00
1.318000000000000000e+07	7.000000000000000000e+00
1.318500000000000000e+07	7.000000000000000000e+00
1.319000000000000000e+07	7.000000000000000000e+00
1.319500000000000000e+07	7.000000000000000000e+00
1.320000000000000000e+07	7.000000000000000000e+00
1.320500000000000000e+07	7.000000000000000000e+00
1.321000000000000000e+07	7.000000000000000000e+00
1.321500000000000000e+07	7.000000000000000000e+00
1.322000000000000000e+07	7.000000000000000000e+00
1.322500000000000000e+07	7.000000000000000000e+00
1.323000000000000000e+07	7.000000000000000000e+00
1.323500000000000000e+07	7.000000000000000000e+00
1.324000000000000000e+07	7.000000000000000000e+00
1.324500000000000000e+07	7.000000000000000000e+00
1.325000000000000000e+07	7.000000000000000000e+00
1.325500000000000000e+07	7.000000000000000000e+00
1.326000000000000000e+07	7.000000000000000000e+00
1.326500000000000000e+07	7.000000000000000000e+00
1.327000000000000000e+07	7.000000000000000000e+00
1.327500000000000000e+07	7.000000000000000000e+00
1.328000000000000000e+07	7.000000000000000000e+00
1.328500000000000000e+07	7.000000000000000000e+00
1.329000000000000000e+07	7.000000000000000000e+00
1.329500000000000000e+07	7.000000000000000000e+00
1.330000000000000000e+07	7.000000000000000000e+00
1.330500000000000000e+07	7.000000000000000000e+00
1.331000000000000000e+07	7.000000000000000000e+00
1.331500000000000000e+07	7.000000000000000000e+00
1.332000000000000000e+07	7.000000000000000000e+00
1.332500000000000000e+07	7.000000000000000000e+00
1.333000000000000000e+07	7.000000000000000000e+00
1.333500000000000000e+07	7.000000000000000000e+00
1.334000000000000000e+07	7.000000000000000000e+00
1.334500000000000000e+07	7.000000000000000000e+00
1.335000000000000000e+07	7.000000000000000000e+00
1.335500000000000000e+07	7.000000000000000000e+00
1.336000000000000000e+07	7.000000000000000000e+00
1.336500000000000000e+07	7.000000000000000000e+00
1.337000000000000000e+07	7.000000000000000000e+00
1.337500000000000000e+07	7.000000000000000000e+00
1.338000000000000000e+07	7.000000000000000000e+00
1.338500000000000000e+07	7.000000000000000000e+00
1.339000000000000000e+07	7.000000000000000000e+00
1.339500000000000000e+07	7.000000000000000000e+00
1.340000000000000000e+07	7.000000000000000000e+00
1.340500000000000000e+07	7.000000000000000000e+00
1.341000000000000000e+07	7.000000000000000000e+00
1.341500000000000000e+07	7.000000000000000000e+00
1.342000000000000000e+07	7.000000000000000000e+00
1.342500000000000000e+07	7.000000000000000000e+00
1.343000000000000000e+07	7.000000000000000000e+00
1.343500000000000000e+07	7.000000000000000000e+00
1.344000000000000000e+07	7.000000000000000000e+00
1.344500000000000000e+07	7.000000000000000000e+00
1.345500000000000000e+07	7.000000000000000000e+00
1.346500000000000000e+07	7.000000000000000000e+00
1.347000000000000000e+07	7.000000000000000000e+00
1.347500000000000000e+07	7.000000000000000000e+00
1.348000000000000000e+07	7.000000000000000000e+00
1.348500000000000000e+07	7.000000000000000000e+00
1.349000000000000000e+07	7.000000000000000000e+00
1.349500000000000000e+07	7.000000000000000000e+00
1.350000000000000000e+07	7.000000000000000000e+00
1.350500000000000000e+07	7.000000000000000000e+00
1.351000000000000000e+07	7.000000000000000000e+00
1.351500000000000000e+07	7.000000000000000000e+00
1.352000000000000000e+07	7.000000000000000000e+00
1.352500000000000000e+07	7.000000000000000000e+00
1.353000000000000000e+07	7.000000000000000000e+00
1.353500000000000000e+07	7.000000000000000000e+00
1.354000000000000000e+07	7.000000000000000000e+00
1.354500000000000000e+07	7.000000000000000000e+00
1.355000000000000000e+07	7.000000000000000000e+00
1.355500000000000000e+07	7.000000000000000000e+00
1.356000000000000000e+07	7.000000000000000000e+00
1.356500000000000000e+07	7.000000000000000000e+00
1.357000000000000000e+07	7.000000000000000000e+00
1.357500000000000000e+07	7.000000000000000000e+00
1.358000000000000000e+07	7.000000000000000000e+00
1.358500000000000000e+07	7.000000000000000000e+00
1.359000000000000000e+07	7.000000000000000000e+00
1.359500000000000000e+07	7.000000000000000000e+00
1.360000000000000000e+07	7.000000000000000000e+00
1.360500000000000000e+07	7.000000000000000000e+00
1.361000000000000000e+07	7.000000000000000000e+00
1.361500000000000000e+07	7.000000000000000000e+00
1.362000000000000000e+07	7.000000000000000000e+00
1.362500000000000000e+07	7.000000000000000000e+00
1.363000000000000000e+07	7.000000000000000000e+00
1.363500000000000000e+07	7.000000000000000000e+00
1.364000000000000000e+07	7.000000000000000000e+00
1.364500000000000000e+07	7.000000000000000000e+00
1.365000000000000000e+07	7.000000000000000000e+00
1.365500000000000000e+07	7.000000000000000000e+00
1.366000000000000000e+07	7.000000000000000000e+00
1.366500000000000000e+07	7.000000000000000000e+00
1.367000000000000000e+07	7.000000000000000000e+00
1.367500000000000000e+07	7.000000000000000000e+00
1.368000000000000000e+07	7.000000000000000000e+00
1.368500000000000000e+07	7.000000000000000000e+00
1.369000000000000000e+07	7.000000000000000000e+00
1.369500000000000000e+07	7.000000000000000000e+00
1.370000000000000000e+07	7.000000000000000000e+00
1.370500000000000000e+07	7.000000000000000000e+00
1.371000000000000000e+07	7.000000000000000000e+00
1.371500000000000000e+07	7.000000000000000000e+00
1.372000000000000000e+07	7.000000000000000000e+00
1.372500000000000000e+07	7.000000000000000000e+00
1.373000000000000000e+07	7.000000000000000000e+00
1.373500000000000000e+07	7.000000000000000000e+00
1.374000000000000000e+07	7.000000000000000000e+00
1.374500000000000000e+07	7.000000000000000000e+00
1.375000000000000000e+07	7.000000000000000000e+00
1.375500000000000000e+07	7.000000000000000000e+00
1.376000000000000000e+07	7.000000000000000000e+00
1.376500000000000000e+07	7.000000000000000000e+00
1.377000000000000000e+07	7.000000000000000000e+00
1.377500000000000000e+07	7.000000000000000000e+00
1.378000000000000000e+07	7.000000000000000000e+00
1.378500000000000000e+07	7.000000000000000000e+00
1.379000000000000000e+07	7.000000000000000000e+00
1.379500000000000000e+07	7.000000000000000000e+00
1.380000000000000000e+07	7.000000000000000000e+00
1.380500000000000000e+07	7.000000000000000000e+00
1.381000000000000000e+07	7.000000000000000000e+00
1.381500000000000000e+07	7.000000000000000000e+00
1.382000000000000000e+07	7.000000000000000000e+00
1.382500000000000000e+07	7.000000000000000000e+00
1.383000000000000000e+07	7.000000000000000000e+00
1.383500000000000000e+07	7.000000000000000000e+00
1.384000000000000000e+07	7.000000000000000000e+00
1.384500000000000000e+07	7.000000000000000000e+00
1.385000000000000000e+07	7.000000000000000000e+00
1.385500000000000000e+07	7.000000000000000000e+00
1.386000000000000000e+07	7.000000000000000000e+00
1.386500000000000000e+07	7.000000000000000000e+00
1.387000000000000000e+07	7.000000000000000000e+00
1.387500000000000000e+07	7.000000000000000000e+00
1.388000000000000000e+07	7.000000000000000000e+00
1.388500000000000000e+07	7.000000000000000000e+00
1.389000000000000000e+07	7.000000000000000000e+00
1.389500000000000000e+07	7.000000000000000000e+00
1.390000000000000000e+07	7.000000000000000000e+00
1.390500000000000000e+07	7.000000000000000000e+00
1.391000000000000000e+07	7.000000000000000000e+00
1.391500000000000000e+07	7.000000000000000000e+00
1.392000000000000000e+07	7.000000000000000000e+00
1.392500000000000000e+07	7.000000000000000000e+00
1.393000000000000000e+07	7.000000000000000000e+00
1.393500000000000000e+07	7.000000000000000000e+00
1.394000000000000000e+07	7.000000000000000000e+00
1.394500000000000000e+07	7.000000000000000000e+00
1.395000000000000000e+07	7.000000000000000000e+00
1.395500000000000000e+07	7.000000000000000000e+00
1.396000000000000000e+07	7.000000000000000000e+00
1.396500000000000000e+07	7.000000000000000000e+00
1.397000000000000000e+07	7.000000000000000000e+00
1.397500000000000000e+07	7.000000000000000000e+00
1.398000000000000000e+07	7.000000000000000000e+00
1.398500000000000000e+07	7.000000000000000000e+00
1.399000000000000000e+07	7.000000000000000000e+00
1.399500000000000000e+07	7.000000000000000000e+00
1.400000000000000000e+07	7.000000000000000000e+00
1.400500000000000000e+07	7.000000000000000000e+00
1.401000000000000000e+07	7.000000000000000000e+00
1.401500000000000000e+07	7.000000000000000000e+00
1.402000000000000000e+07	7.000000000000000000e+00
1.402500000000000000e+07	7.000000000000000000e+00
1.403000000000000000e+07	7.000000000000000000e+00
1.403500000000000000e+07	7.000000000000000000e+00
1.404000000000000000e+07	7.000000000000000000e+00
1.404500000000000000e+07	7.000000000000000000e+00
1.405000000000000000e+07	7.000000000000000000e+00
1.405500000000000000e+07	7.000000000000000000e+00
1.406000000000000000e+07	7.000000000000000000e+00
1.406500000000000000e+07	7.000000000000000000e+00
1.407000000000000000e+07	7.000000000000000000e+00
1.407500000000000000e+07	7.000000000000000000e+00
1.408000000000000000e+07	7.000000000000000000e+00
1.408500000000000000e+07	7.000000000000000000e+00
1.409000000000000000e+07	7.000000000000000000e+00
1.409500000000000000e+07	7.000000000000000000e+00
1.410000000000000000e+07	7.000000000000000000e+00
1.410500000000000000e+07	7.000000000000000000e+00
1.411000000000000000e+07	7.000000000000000000e+00
1.411500000000000000e+07	7.000000000000000000e+00
1.412500000000000000e+07	7.000000000000000000e+00
1.413000000000000000e+07	7.000000000000000000e+00
1.417500000000000000e+07	7.000000000000000000e+00
1.419000000000000000e+07	7.000000000000000000e+00
1.419500000000000000e+07	7.000000000000000000e+00
1.420000000000000000e+07	7.000000000000000000e+00
1.420500000000000000e+07	7.000000000000000000e+00
1.421000000000000000e+07	7.000000000000000000e+00
1.421500000000000000e+07	7.000000000000000000e+00
1.422000000000000000e+07	7.000000000000000000e+00
1.422500000000000000e+07	7.000000000000000000e+00
1.423000000000000000e+07	7.000000000000000000e+00
1.423500000000000000e+07	7.000000000000000000e+00
1.424000000000000000e+07	7.000000000000000000e+00
1.424500000000000000e+07	7.000000000000000000e+00
1.425000000000000000e+07	7.000000000000000000e+00
1.425500000000000000e+07	7.000000000000000000e+00
1.426000000000000000e+07	7.000000000000000000e+00
1.426500000000000000e+07	7.000000000000000000e+00
1.427000000000000000e+07	7.000000000000000000e+00
1.427500000000000000e+07	7.000000000000000000e+00
1.428000000000000000e+07	7.000000000000000000e+00
1.428500000000000000e+07	7.000000000000000000e+00
1.429000000000000000e+07	7.000000000000000000e+00
1.429500000000000000e+07	7.000000000000000000e+00
1.430000000000000000e+07	7.000000000000000000e+00
1.430500000000000000e+07	7.000000000000000000e+00
1.431000000000000000e+07	7.000000000000000000e+00
1.431500000000000000e+07	7.000000000000000000e+00
1.432000000000000000e+07	7.000000000000000000e+00
1.432500000000000000e+07	7.000000000000000000e+00
1.433000000000000000e+07	7.000000000000000000e+00
1.433500000000000000e+07	7.000000000000000000e+00
1.434000000000000000e+07	7.000000000000000000e+00
1.434500000000000000e+07	7.000000000000000000e+00
1.435000000000000000e+07	7.000000000000000000e+00
1.435500000000000000e+07	7.000000000000000000e+00
1.436000000000000000e+07	7.000000000000000000e+00
1.436500000000000000e+07	7.000000000000000000e+00
1.437000000000000000e+07	7.000000000000000000e+00
1.437500000000000000e+07	7.000000000000000000e+00
1.438000000000000000e+07	7.000000000000000000e+00
1.438500000000000000e+07	7.000000000000000000e+00
1.439000000000000000e+07	7.000000000000000000e+00
1.439500000000000000e+07	7.000000000000000000e+00
1.440000000000000000e+07	7.000000000000000000e+00
1.440500000000000000e+07	7.000000000000000000e+00
1.441000000000000000e+07	7.000000000000000000e+00
1.441500000000000000e+07	7.000000000000000000e+00
1.442000000000000000e+07	7.000000000000000000e+00
1.442500000000000000e+07	7.000000000000000000e+00
1.443000000000000000e+07	7.000000000000000000e+00
1.443500000000000000e+07	7.000000000000000000e+00
1.444000000000000000e+07	7.000000000000000000e+00
1.444500000000000000e+07	7.000000000000000000e+00
1.445000000000000000e+07	7.000000000000000000e+00
1.445500000000000000e+07	7.000000000000000000e+00
1.446000000000000000e+07	7.000000000000000000e+00
1.446500000000000000e+07	7.000000000000000000e+00
1.447000000000000000e+07	7.000000000000000000e+00
1.447500000000000000e+07	7.000000000000000000e+00
1.448000000000000000e+07	7.000000000000000000e+00
1.448500000000000000e+07	7.000000000000000000e+00
1.449000000000000000e+07	7.000000000000000000e+00
1.449500000000000000e+07	7.000000000000000000e+00
1.450000000000000000e+07	7.000000000000000000e+00
1.450500000000000000e+07	7.000000000000000000e+00
1.451000000000000000e+07	7.000000000000000000e+00
1.451500000000000000e+07	7.000000000000000000e+00
1.452000000000000000e+07	7.000000000000000000e+00
1.452500000000000000e+07	7.000000000000000000e+00
1.453000000000000000e+07	7.000000000000000000e+00
1.453500000000000000e+07	7.000000000000000000e+00
1.454000000000000000e+07	7.000000000000000000e+00
1.454500000000000000e+07	7.000000000000000000e+00
1.455000000000000000e+07	7.000000000000000000e+00
1.455500000000000000e+07	7.000000000000000000e+00
1.456000000000000000e+07	7.000000000000000000e+00
1.456500000000000000e+07	7.000000000000000000e+00
1.457000000000000000e+07	7.000000000000000000e+00
1.457500000000000000e+07	7.000000000000000000e+00
1.458000000000000000e+07	7.000000000000000000e+00
1.458500000000000000e+07	7.000000000000000000e+00
1.459000000000000000e+07	7.000000000000000000e+00
1.459500000000000000e+07	7.000000000000000000e+00
1.460000000000000000e+07	7.000000000000000000e+00
1.460500000000000000e+07	7.000000000000000000e+00
1.461000000000000000e+07	7.000000000000000000e+00
1.461500000000000000e+07	7.000000000000000000e+00
1.462000000000000000e+07	7.000000000000000000e+00
1.462500000000000000e+07	7.000000000000000000e+00
1.463000000000000000e+07	7.000000000000000000e+00
1.463500000000000000e+07	7.000000000000000000e+00
1.464000000000000000e+07	7.000000000000000000e+00
1.464500000000000000e+07	7.000000000000000000e+00
1.465000000000000000e+07	7.000000000000000000e+00
1.465500000000000000e+07	7.000000000000000000e+00
1.466000000000000000e+07	7.000000000000000000e+00
1.466500000000000000e+07	7.000000000000000000e+00
1.467000000000000000e+07	7.000000000000000000e+00
1.467500000000000000e+07	7.000000000000000000e+00
1.468000000000000000e+07	7.000000000000000000e+00
1.468500000000000000e+07	7.000000000000000000e+00
1.469000000000000000e+07	7.000000000000000000e+00
1.469500000000000000e+07	7.000000000000000000e+00
1.470000000000000000e+07	7.000000000000000000e+00
1.470500000000000000e+07	7.000000000000000000e+00
1.471000000000000000e+07	7.000000000000000000e+00
1.471500000000000000e+07	7.000000000000000000e+00
1.472000000000000000e+07	7.000000000000000000e+00
1.472500000000000000e+07	7.000000000000000000e+00
1.475500000000000000e+07	7.000000000000000000e+00
1.478000000000000000e+07	7.000000000000000000e+00
1.538500000000000000e+07	7.000000000000000000e+00
1.539000000000000000e+07	7.000000000000000000e+00
1.541500000000000000e+07	7.000000000000000000e+00
1.542000000000000000e+07	7.000000000000000000e+00
1.543500000000000000e+07	7.000000000000000000e+00
1.544000000000000000e+07	7.000000000000000000e+00
1.545000000000000000e+07	7.000000000000000000e+00
1.548000000000000000e+07	7.000000000000000000e+00
1.548500000000000000e+07	7.000000000000000000e+00
1.549000000000000000e+07	7.000000000000000000e+00
1.549500000000000000e+07	7.000000000000000000e+00
1.550000000000000000e+07	7.000000000000000000e+00
1.550500000000000000e+07	7.000000000000000000e+00
1.551000000000000000e+07	7.000000000000000000e+00
1.551500000000000000e+07	7.000000000000000000e+00
1.552000000000000000e+07	7.000000000000000000e+00
1.552500000000000000e+07	7.000000000000000000e+00
1.553000000000000000e+07	7.000000000000000000e+00
1.553500000000000000e+07	7.000000000000000000e+00
1.556500000000000000e+07	7.000000000000000000e+00
1.582000000000000000e+07	7.000000000000000000e+00
1.689500000000000000e+07	7.000000000000000000e+00
1.692000000000000000e+07	7.000000000000000000e+00
2.892000000000000000e+07	7.000000000000000000e+00
2.893500000000000000e+07	7.000000000000000000e+00
2.894000000000000000e+07	7.000000000000000000e+00
2.894500000000000000e+07	7.000000000000000000e+00
2.994500000000000000e+07	7.000000000000000000e+00
