2.415000000000000000e+06	2.700000000000000000e+01
2.565000000000000000e+06	2.700000000000000000e+01
2.685000000000000000e+06	2.700000000000000000e+01
2.690000000000000000e+06	2.700000000000000000e+01
2.695000000000000000e+06	2.700000000000000000e+01
2.700000000000000000e+06	2.700000000000000000e+01
2.705000000000000000e+06	2.700000000000000000e+01
2.710000000000000000e+06	2.700000000000000000e+01
2.715000000000000000e+06	2.700000000000000000e+01
2.720000000000000000e+06	2.700000000000000000e+01
2.725000000000000000e+06	2.700000000000000000e+01
2.730000000000000000e+06	2.700000000000000000e+01
2.735000000000000000e+06	2.700000000000000000e+01
2.740000000000000000e+06	2.700000000000000000e+01
2.745000000000000000e+06	2.700000000000000000e+01
2.750000000000000000e+06	2.700000000000000000e+01
2.755000000000000000e+06	2.700000000000000000e+01
2.760000000000000000e+06	2.700000000000000000e+01
2.765000000000000000e+06	2.700000000000000000e+01
2.770000000000000000e+06	2.700000000000000000e+01
2.775000000000000000e+06	2.700000000000000000e+01
2.780000000000000000e+06	2.700000000000000000e+01
2.785000000000000000e+06	2.700000000000000000e+01
2.790000000000000000e+06	2.700000000000000000e+01
2.795000000000000000e+06	2.700000000000000000e+01
2.800000000000000000e+06	2.700000000000000000e+01
2.810000000000000000e+06	2.700000000000000000e+01
2.815000000000000000e+06	2.700000000000000000e+01
2.820000000000000000e+06	2.700000000000000000e+01
2.825000000000000000e+06	2.700000000000000000e+01
2.830000000000000000e+06	2.700000000000000000e+01
2.835000000000000000e+06	2.700000000000000000e+01
2.840000000000000000e+06	2.700000000000000000e+01
2.845000000000000000e+06	2.700000000000000000e+01
2.850000000000000000e+06	2.700000000000000000e+01
2.855000000000000000e+06	2.700000000000000000e+01
2.860000000000000000e+06	2.700000000000000000e+01
2.865000000000000000e+06	2.700000000000000000e+01
2.870000000000000000e+06	2.700000000000000000e+01
2.875000000000000000e+06	2.700000000000000000e+01
2.880000000000000000e+06	2.700000000000000000e+01
2.885000000000000000e+06	2.700000000000000000e+01
2.890000000000000000e+06	2.700000000000000000e+01
2.895000000000000000e+06	2.700000000000000000e+01
2.900000000000000000e+06	2.700000000000000000e+01
2.905000000000000000e+06	2.700000000000000000e+01
2.910000000000000000e+06	2.700000000000000000e+01
2.915000000000000000e+06	2.700000000000000000e+01
2.920000000000000000e+06	2.700000000000000000e+01
2.925000000000000000e+06	2.700000000000000000e+01
2.930000000000000000e+06	2.700000000000000000e+01
2.935000000000000000e+06	2.700000000000000000e+01
2.940000000000000000e+06	2.700000000000000000e+01
2.945000000000000000e+06	2.700000000000000000e+01
2.950000000000000000e+06	2.700000000000000000e+01
2.955000000000000000e+06	2.700000000000000000e+01
2.960000000000000000e+06	2.700000000000000000e+01
2.965000000000000000e+06	2.700000000000000000e+01
2.970000000000000000e+06	2.700000000000000000e+01
2.975000000000000000e+06	2.700000000000000000e+01
2.980000000000000000e+06	2.700000000000000000e+01
2.985000000000000000e+06	2.700000000000000000e+01
2.990000000000000000e+06	2.700000000000000000e+01
2.995000000000000000e+06	2.700000000000000000e+01
3.000000000000000000e+06	2.700000000000000000e+01
3.005000000000000000e+06	2.700000000000000000e+01
3.010000000000000000e+06	2.700000000000000000e+01
3.015000000000000000e+06	2.700000000000000000e+01
3.020000000000000000e+06	2.700000000000000000e+01
3.025000000000000000e+06	2.700000000000000000e+01
3.030000000000000000e+06	2.700000000000000000e+01
3.035000000000000000e+06	2.700000000000000000e+01
3.040000000000000000e+06	2.700000000000000000e+01
3.045000000000000000e+06	2.700000000000000000e+01
3.050000000000000000e+06	2.700000000000000000e+01
3.055000000000000000e+06	2.700000000000000000e+01
3.060000000000000000e+06	2.700000000000000000e+01
3.065000000000000000e+06	2.700000000000000000e+01
3.070000000000000000e+06	2.700000000000000000e+01
3.075000000000000000e+06	2.700000000000000000e+01
3.080000000000000000e+06	2.700000000000000000e+01
3.085000000000000000e+06	2.700000000000000000e+01
3.090000000000000000e+06	2.700000000000000000e+01
3.095000000000000000e+06	2.700000000000000000e+01
3.100000000000000000e+06	2.700000000000000000e+01
3.105000000000000000e+06	2.700000000000000000e+01
3.110000000000000000e+06	2.700000000000000000e+01
3.115000000000000000e+06	2.700000000000000000e+01
3.120000000000000000e+06	2.700000000000000000e+01
3.125000000000000000e+06	2.700000000000000000e+01
3.130000000000000000e+06	2.700000000000000000e+01
3.135000000000000000e+06	2.700000000000000000e+01
3.140000000000000000e+06	2.700000000000000000e+01
3.145000000000000000e+06	2.700000000000000000e+01
3.150000000000000000e+06	2.700000000000000000e+01
3.155000000000000000e+06	2.700000000000000000e+01
3.160000000000000000e+06	2.700000000000000000e+01
3.165000000000000000e+06	2.700000000000000000e+01
3.170000000000000000e+06	2.700000000000000000e+01
3.175000000000000000e+06	2.700000000000000000e+01
3.180000000000000000e+06	2.700000000000000000e+01
3.185000000000000000e+06	2.700000000000000000e+01
3.190000000000000000e+06	2.700000000000000000e+01
3.195000000000000000e+06	2.700000000000000000e+01
3.200000000000000000e+06	2.700000000000000000e+01
3.205000000000000000e+06	2.700000000000000000e+01
3.210000000000000000e+06	2.700000000000000000e+01
3.215000000000000000e+06	2.700000000000000000e+01
3.220000000000000000e+06	2.700000000000000000e+01
3.225000000000000000e+06	2.700000000000000000e+01
3.230000000000000000e+06	2.700000000000000000e+01
3.235000000000000000e+06	2.700000000000000000e+01
3.240000000000000000e+06	2.700000000000000000e+01
3.245000000000000000e+06	2.700000000000000000e+01
3.250000000000000000e+06	2.700000000000000000e+01
3.255000000000000000e+06	2.700000000000000000e+01
3.260000000000000000e+06	2.700000000000000000e+01
3.265000000000000000e+06	2.700000000000000000e+01
3.270000000000000000e+06	2.700000000000000000e+01
3.275000000000000000e+06	2.700000000000000000e+01
3.280000000000000000e+06	2.700000000000000000e+01
3.285000000000000000e+06	2.700000000000000000e+01
3.290000000000000000e+06	2.700000000000000000e+01
3.295000000000000000e+06	2.700000000000000000e+01
3.300000000000000000e+06	2.700000000000000000e+01
3.305000000000000000e+06	2.700000000000000000e+01
3.310000000000000000e+06	2.700000000000000000e+01
3.315000000000000000e+06	2.700000000000000000e+01
3.320000000000000000e+06	2.700000000000000000e+01
3.325000000000000000e+06	2.700000000000000000e+01
3.330000000000000000e+06	2.700000000000000000e+01
3.335000000000000000e+06	2.700000000000000000e+01
3.340000000000000000e+06	2.700000000000000000e+01
3.345000000000000000e+06	2.700000000000000000e+01
3.350000000000000000e+06	2.700000000000000000e+01
3.355000000000000000e+06	2.700000000000000000e+01
3.360000000000000000e+06	2.700000000000000000e+01
3.365000000000000000e+06	2.700000000000000000e+01
3.370000000000000000e+06	2.700000000000000000e+01
3.375000000000000000e+06	2.700000000000000000e+01
3.380000000000000000e+06	2.700000000000000000e+01
3.385000000000000000e+06	2.700000000000000000e+01
3.390000000000000000e+06	2.700000000000000000e+01
3.395000000000000000e+06	2.700000000000000000e+01
3.400000000000000000e+06	2.700000000000000000e+01
3.405000000000000000e+06	2.700000000000000000e+01
3.410000000000000000e+06	2.700000000000000000e+01
3.415000000000000000e+06	2.700000000000000000e+01
3.420000000000000000e+06	2.700000000000000000e+01
3.425000000000000000e+06	2.700000000000000000e+01
3.430000000000000000e+06	2.700000000000000000e+01
3.435000000000000000e+06	2.700000000000000000e+01
3.440000000000000000e+06	2.700000000000000000e+01
3.445000000000000000e+06	2.700000000000000000e+01
3.450000000000000000e+06	2.700000000000000000e+01
3.455000000000000000e+06	2.700000000000000000e+01
3.460000000000000000e+06	2.700000000000000000e+01
3.465000000000000000e+06	2.700000000000000000e+01
3.470000000000000000e+06	2.700000000000000000e+01
3.475000000000000000e+06	2.700000000000000000e+01
3.480000000000000000e+06	2.700000000000000000e+01
3.485000000000000000e+06	2.700000000000000000e+01
3.490000000000000000e+06	2.700000000000000000e+01
3.495000000000000000e+06	2.700000000000000000e+01
3.500000000000000000e+06	2.700000000000000000e+01
3.505000000000000000e+06	2.700000000000000000e+01
3.510000000000000000e+06	2.700000000000000000e+01
3.515000000000000000e+06	2.700000000000000000e+01
3.520000000000000000e+06	2.700000000000000000e+01
3.525000000000000000e+06	2.700000000000000000e+01
3.530000000000000000e+06	2.700000000000000000e+01
3.535000000000000000e+06	2.700000000000000000e+01
3.540000000000000000e+06	2.700000000000000000e+01
3.545000000000000000e+06	2.700000000000000000e+01
3.550000000000000000e+06	2.700000000000000000e+01
3.555000000000000000e+06	2.700000000000000000e+01
3.560000000000000000e+06	2.700000000000000000e+01
3.565000000000000000e+06	2.700000000000000000e+01
3.570000000000000000e+06	2.700000000000000000e+01
3.575000000000000000e+06	2.700000000000000000e+01
3.580000000000000000e+06	2.700000000000000000e+01
3.585000000000000000e+06	2.700000000000000000e+01
3.590000000000000000e+06	2.700000000000000000e+01
3.595000000000000000e+06	2.700000000000000000e+01
3.600000000000000000e+06	2.700000000000000000e+01
3.605000000000000000e+06	2.700000000000000000e+01
3.610000000000000000e+06	2.700000000000000000e+01
3.615000000000000000e+06	2.700000000000000000e+01
3.620000000000000000e+06	2.700000000000000000e+01
3.625000000000000000e+06	2.700000000000000000e+01
3.630000000000000000e+06	2.700000000000000000e+01
3.635000000000000000e+06	2.700000000000000000e+01
3.640000000000000000e+06	2.700000000000000000e+01
3.645000000000000000e+06	2.700000000000000000e+01
3.650000000000000000e+06	2.700000000000000000e+01
3.655000000000000000e+06	2.700000000000000000e+01
3.660000000000000000e+06	2.700000000000000000e+01
3.665000000000000000e+06	2.700000000000000000e+01
3.670000000000000000e+06	2.700000000000000000e+01
3.675000000000000000e+06	2.700000000000000000e+01
3.680000000000000000e+06	2.700000000000000000e+01
3.685000000000000000e+06	2.700000000000000000e+01
3.690000000000000000e+06	2.700000000000000000e+01
3.695000000000000000e+06	2.700000000000000000e+01
3.700000000000000000e+06	2.700000000000000000e+01
3.705000000000000000e+06	2.700000000000000000e+01
3.710000000000000000e+06	2.700000000000000000e+01
3.715000000000000000e+06	2.700000000000000000e+01
3.720000000000000000e+06	2.700000000000000000e+01
3.725000000000000000e+06	2.700000000000000000e+01
3.730000000000000000e+06	2.700000000000000000e+01
3.735000000000000000e+06	2.700000000000000000e+01
3.740000000000000000e+06	2.700000000000000000e+01
3.745000000000000000e+06	2.700000000000000000e+01
3.750000000000000000e+06	2.700000000000000000e+01
3.755000000000000000e+06	2.700000000000000000e+01
3.760000000000000000e+06	2.700000000000000000e+01
3.765000000000000000e+06	2.700000000000000000e+01
3.770000000000000000e+06	2.700000000000000000e+01
3.775000000000000000e+06	2.700000000000000000e+01
3.780000000000000000e+06	2.700000000000000000e+01
3.785000000000000000e+06	2.700000000000000000e+01
3.790000000000000000e+06	2.700000000000000000e+01
3.795000000000000000e+06	2.700000000000000000e+01
3.800000000000000000e+06	2.700000000000000000e+01
3.805000000000000000e+06	2.700000000000000000e+01
3.810000000000000000e+06	2.700000000000000000e+01
3.815000000000000000e+06	2.700000000000000000e+01
3.820000000000000000e+06	2.700000000000000000e+01
3.825000000000000000e+06	2.700000000000000000e+01
3.830000000000000000e+06	2.700000000000000000e+01
3.835000000000000000e+06	2.700000000000000000e+01
3.840000000000000000e+06	2.700000000000000000e+01
3.845000000000000000e+06	2.700000000000000000e+01
3.850000000000000000e+06	2.700000000000000000e+01
3.855000000000000000e+06	2.700000000000000000e+01
3.860000000000000000e+06	2.700000000000000000e+01
3.865000000000000000e+06	2.700000000000000000e+01
3.870000000000000000e+06	2.700000000000000000e+01
3.875000000000000000e+06	2.700000000000000000e+01
3.880000000000000000e+06	2.700000000000000000e+01
3.885000000000000000e+06	2.700000000000000000e+01
3.890000000000000000e+06	2.700000000000000000e+01
3.895000000000000000e+06	2.700000000000000000e+01
3.900000000000000000e+06	2.700000000000000000e+01
3.905000000000000000e+06	2.700000000000000000e+01
3.910000000000000000e+06	2.700000000000000000e+01
3.915000000000000000e+06	2.700000000000000000e+01
3.920000000000000000e+06	2.700000000000000000e+01
3.925000000000000000e+06	2.700000000000000000e+01
3.930000000000000000e+06	2.700000000000000000e+01
3.935000000000000000e+06	2.700000000000000000e+01
3.940000000000000000e+06	2.700000000000000000e+01
3.945000000000000000e+06	2.700000000000000000e+01
3.950000000000000000e+06	2.700000000000000000e+01
3.955000000000000000e+06	2.700000000000000000e+01
3.960000000000000000e+06	2.700000000000000000e+01
3.965000000000000000e+06	2.700000000000000000e+01
3.970000000000000000e+06	2.700000000000000000e+01
3.975000000000000000e+06	2.700000000000000000e+01
3.980000000000000000e+06	2.700000000000000000e+01
3.985000000000000000e+06	2.700000000000000000e+01
3.990000000000000000e+06	2.700000000000000000e+01
3.995000000000000000e+06	2.700000000000000000e+01
4.000000000000000000e+06	2.700000000000000000e+01
4.005000000000000000e+06	2.700000000000000000e+01
4.010000000000000000e+06	2.700000000000000000e+01
4.015000000000000000e+06	2.700000000000000000e+01
4.020000000000000000e+06	2.700000000000000000e+01
4.025000000000000000e+06	2.700000000000000000e+01
4.030000000000000000e+06	2.700000000000000000e+01
4.035000000000000000e+06	2.700000000000000000e+01
4.040000000000000000e+06	2.700000000000000000e+01
4.045000000000000000e+06	2.700000000000000000e+01
4.050000000000000000e+06	2.700000000000000000e+01
4.055000000000000000e+06	2.700000000000000000e+01
4.060000000000000000e+06	2.700000000000000000e+01
4.065000000000000000e+06	2.700000000000000000e+01
4.070000000000000000e+06	2.700000000000000000e+01
4.075000000000000000e+06	2.700000000000000000e+01
4.080000000000000000e+06	2.700000000000000000e+01
4.085000000000000000e+06	2.700000000000000000e+01
4.090000000000000000e+06	2.700000000000000000e+01
4.095000000000000000e+06	2.700000000000000000e+01
4.100000000000000000e+06	2.700000000000000000e+01
4.105000000000000000e+06	2.700000000000000000e+01
4.110000000000000000e+06	2.700000000000000000e+01
4.115000000000000000e+06	2.700000000000000000e+01
4.120000000000000000e+06	2.700000000000000000e+01
4.125000000000000000e+06	2.700000000000000000e+01
4.130000000000000000e+06	2.700000000000000000e+01
4.135000000000000000e+06	2.700000000000000000e+01
4.140000000000000000e+06	2.700000000000000000e+01
4.145000000000000000e+06	2.700000000000000000e+01
4.150000000000000000e+06	2.700000000000000000e+01
4.155000000000000000e+06	2.700000000000000000e+01
4.160000000000000000e+06	2.700000000000000000e+01
4.165000000000000000e+06	2.700000000000000000e+01
4.170000000000000000e+06	2.700000000000000000e+01
4.175000000000000000e+06	2.700000000000000000e+01
4.180000000000000000e+06	2.700000000000000000e+01
4.185000000000000000e+06	2.700000000000000000e+01
4.190000000000000000e+06	2.700000000000000000e+01
4.195000000000000000e+06	2.700000000000000000e+01
4.200000000000000000e+06	2.700000000000000000e+01
4.205000000000000000e+06	2.700000000000000000e+01
4.210000000000000000e+06	2.700000000000000000e+01
4.215000000000000000e+06	2.700000000000000000e+01
4.220000000000000000e+06	2.700000000000000000e+01
4.225000000000000000e+06	2.700000000000000000e+01
4.230000000000000000e+06	2.700000000000000000e+01
4.235000000000000000e+06	2.700000000000000000e+01
4.240000000000000000e+06	2.700000000000000000e+01
4.245000000000000000e+06	2.700000000000000000e+01
4.250000000000000000e+06	2.700000000000000000e+01
4.255000000000000000e+06	2.700000000000000000e+01
4.260000000000000000e+06	2.700000000000000000e+01
4.265000000000000000e+06	2.700000000000000000e+01
4.270000000000000000e+06	2.700000000000000000e+01
4.275000000000000000e+06	2.700000000000000000e+01
4.280000000000000000e+06	2.700000000000000000e+01
4.285000000000000000e+06	2.700000000000000000e+01
4.290000000000000000e+06	2.700000000000000000e+01
4.295000000000000000e+06	2.700000000000000000e+01
4.300000000000000000e+06	2.700000000000000000e+01
4.305000000000000000e+06	2.700000000000000000e+01
4.310000000000000000e+06	2.700000000000000000e+01
4.315000000000000000e+06	2.700000000000000000e+01
4.320000000000000000e+06	2.700000000000000000e+01
4.325000000000000000e+06	2.700000000000000000e+01
4.330000000000000000e+06	2.700000000000000000e+01
4.335000000000000000e+06	2.700000000000000000e+01
4.340000000000000000e+06	2.700000000000000000e+01
4.345000000000000000e+06	2.700000000000000000e+01
4.350000000000000000e+06	2.700000000000000000e+01
4.355000000000000000e+06	2.700000000000000000e+01
4.360000000000000000e+06	2.700000000000000000e+01
4.365000000000000000e+06	2.700000000000000000e+01
4.370000000000000000e+06	2.700000000000000000e+01
4.375000000000000000e+06	2.700000000000000000e+01
4.380000000000000000e+06	2.700000000000000000e+01
4.385000000000000000e+06	2.700000000000000000e+01
4.390000000000000000e+06	2.700000000000000000e+01
4.395000000000000000e+06	2.700000000000000000e+01
4.400000000000000000e+06	2.700000000000000000e+01
4.405000000000000000e+06	2.700000000000000000e+01
4.410000000000000000e+06	2.700000000000000000e+01
4.415000000000000000e+06	2.700000000000000000e+01
4.420000000000000000e+06	2.700000000000000000e+01
4.425000000000000000e+06	2.700000000000000000e+01
4.430000000000000000e+06	2.700000000000000000e+01
4.435000000000000000e+06	2.700000000000000000e+01
4.440000000000000000e+06	2.700000000000000000e+01
4.445000000000000000e+06	2.700000000000000000e+01
4.450000000000000000e+06	2.700000000000000000e+01
4.455000000000000000e+06	2.700000000000000000e+01
4.460000000000000000e+06	2.700000000000000000e+01
4.465000000000000000e+06	2.700000000000000000e+01
4.470000000000000000e+06	2.700000000000000000e+01
4.475000000000000000e+06	2.700000000000000000e+01
4.480000000000000000e+06	2.700000000000000000e+01
4.485000000000000000e+06	2.700000000000000000e+01
4.490000000000000000e+06	2.700000000000000000e+01
4.495000000000000000e+06	2.700000000000000000e+01
4.500000000000000000e+06	2.700000000000000000e+01
4.505000000000000000e+06	2.700000000000000000e+01
4.510000000000000000e+06	2.700000000000000000e+01
4.515000000000000000e+06	2.700000000000000000e+01
4.520000000000000000e+06	2.700000000000000000e+01
4.525000000000000000e+06	2.700000000000000000e+01
4.530000000000000000e+06	2.700000000000000000e+01
4.535000000000000000e+06	2.700000000000000000e+01
4.540000000000000000e+06	2.700000000000000000e+01
4.545000000000000000e+06	2.700000000000000000e+01
4.550000000000000000e+06	2.700000000000000000e+01
4.555000000000000000e+06	2.700000000000000000e+01
4.560000000000000000e+06	2.700000000000000000e+01
4.565000000000000000e+06	2.700000000000000000e+01
4.570000000000000000e+06	2.700000000000000000e+01
4.575000000000000000e+06	2.700000000000000000e+01
4.580000000000000000e+06	2.700000000000000000e+01
4.585000000000000000e+06	2.700000000000000000e+01
4.590000000000000000e+06	2.700000000000000000e+01
4.595000000000000000e+06	2.700000000000000000e+01
4.600000000000000000e+06	2.700000000000000000e+01
4.605000000000000000e+06	2.700000000000000000e+01
4.610000000000000000e+06	2.700000000000000000e+01
4.615000000000000000e+06	2.700000000000000000e+01
4.840000000000000000e+06	2.700000000000000000e+01
4.845000000000000000e+06	2.700000000000000000e+01
4.850000000000000000e+06	2.700000000000000000e+01
4.855000000000000000e+06	2.700000000000000000e+01
4.860000000000000000e+06	2.700000000000000000e+01
4.915000000000000000e+06	2.700000000000000000e+01
5.060000000000000000e+06	2.700000000000000000e+01
5.090000000000000000e+06	2.700000000000000000e+01
5.095000000000000000e+06	2.700000000000000000e+01
5.100000000000000000e+06	2.700000000000000000e+01
5.105000000000000000e+06	2.700000000000000000e+01
5.110000000000000000e+06	2.700000000000000000e+01
5.115000000000000000e+06	2.700000000000000000e+01
5.120000000000000000e+06	2.700000000000000000e+01
5.125000000000000000e+06	2.700000000000000000e+01
5.130000000000000000e+06	2.700000000000000000e+01
5.135000000000000000e+06	2.700000000000000000e+01
5.140000000000000000e+06	2.700000000000000000e+01
5.145000000000000000e+06	2.700000000000000000e+01
5.150000000000000000e+06	2.700000000000000000e+01
5.155000000000000000e+06	2.700000000000000000e+01
5.160000000000000000e+06	2.700000000000000000e+01
5.165000000000000000e+06	2.700000000000000000e+01
5.170000000000000000e+06	2.700000000000000000e+01
5.175000000000000000e+06	2.700000000000000000e+01
5.180000000000000000e+06	2.700000000000000000e+01
5.185000000000000000e+06	2.700000000000000000e+01
5.190000000000000000e+06	2.700000000000000000e+01
5.195000000000000000e+06	2.700000000000000000e+01
5.200000000000000000e+06	2.700000000000000000e+01
5.205000000000000000e+06	2.700000000000000000e+01
5.210000000000000000e+06	2.700000000000000000e+01
5.215000000000000000e+06	2.700000000000000000e+01
5.220000000000000000e+06	2.700000000000000000e+01
5.225000000000000000e+06	2.700000000000000000e+01
5.230000000000000000e+06	2.700000000000000000e+01
5.235000000000000000e+06	2.700000000000000000e+01
5.240000000000000000e+06	2.700000000000000000e+01
5.245000000000000000e+06	2.700000000000000000e+01
5.250000000000000000e+06	2.700000000000000000e+01
5.255000000000000000e+06	2.700000000000000000e+01
5.260000000000000000e+06	2.700000000000000000e+01
5.265000000000000000e+06	2.700000000000000000e+01
5.270000000000000000e+06	2.700000000000000000e+01
5.275000000000000000e+06	2.700000000000000000e+01
5.280000000000000000e+06	2.700000000000000000e+01
5.285000000000000000e+06	2.700000000000000000e+01
5.290000000000000000e+06	2.700000000000000000e+01
5.295000000000000000e+06	2.700000000000000000e+01
5.300000000000000000e+06	2.700000000000000000e+01
5.305000000000000000e+06	2.700000000000000000e+01
5.310000000000000000e+06	2.700000000000000000e+01
5.315000000000000000e+06	2.700000000000000000e+01
5.320000000000000000e+06	2.700000000000000000e+01
5.325000000000000000e+06	2.700000000000000000e+01
5.330000000000000000e+06	2.700000000000000000e+01
5.335000000000000000e+06	2.700000000000000000e+01
5.340000000000000000e+06	2.700000000000000000e+01
5.345000000000000000e+06	2.700000000000000000e+01
5.350000000000000000e+06	2.700000000000000000e+01
5.355000000000000000e+06	2.700000000000000000e+01
5.360000000000000000e+06	2.700000000000000000e+01
5.365000000000000000e+06	2.700000000000000000e+01
5.370000000000000000e+06	2.700000000000000000e+01
5.375000000000000000e+06	2.700000000000000000e+01
5.380000000000000000e+06	2.700000000000000000e+01
5.385000000000000000e+06	2.700000000000000000e+01
5.390000000000000000e+06	2.700000000000000000e+01
5.395000000000000000e+06	2.700000000000000000e+01
5.400000000000000000e+06	2.700000000000000000e+01
5.405000000000000000e+06	2.700000000000000000e+01
5.410000000000000000e+06	2.700000000000000000e+01
5.415000000000000000e+06	2.700000000000000000e+01
5.420000000000000000e+06	2.700000000000000000e+01
5.425000000000000000e+06	2.700000000000000000e+01
5.430000000000000000e+06	2.700000000000000000e+01
5.435000000000000000e+06	2.700000000000000000e+01
5.440000000000000000e+06	2.700000000000000000e+01
5.445000000000000000e+06	2.700000000000000000e+01
5.450000000000000000e+06	2.700000000000000000e+01
5.455000000000000000e+06	2.700000000000000000e+01
5.460000000000000000e+06	2.700000000000000000e+01
5.465000000000000000e+06	2.700000000000000000e+01
5.470000000000000000e+06	2.700000000000000000e+01
5.475000000000000000e+06	2.700000000000000000e+01
5.480000000000000000e+06	2.700000000000000000e+01
5.485000000000000000e+06	2.700000000000000000e+01
5.490000000000000000e+06	2.700000000000000000e+01
5.495000000000000000e+06	2.700000000000000000e+01
5.500000000000000000e+06	2.700000000000000000e+01
5.505000000000000000e+06	2.700000000000000000e+01
5.510000000000000000e+06	2.700000000000000000e+01
5.515000000000000000e+06	2.700000000000000000e+01
5.520000000000000000e+06	2.700000000000000000e+01
5.525000000000000000e+06	2.700000000000000000e+01
5.530000000000000000e+06	2.700000000000000000e+01
5.535000000000000000e+06	2.700000000000000000e+01
5.540000000000000000e+06	2.700000000000000000e+01
5.545000000000000000e+06	2.700000000000000000e+01
5.550000000000000000e+06	2.700000000000000000e+01
5.555000000000000000e+06	2.700000000000000000e+01
5.560000000000000000e+06	2.700000000000000000e+01
5.565000000000000000e+06	2.700000000000000000e+01
5.570000000000000000e+06	2.700000000000000000e+01
5.575000000000000000e+06	2.700000000000000000e+01
5.580000000000000000e+06	2.700000000000000000e+01
5.585000000000000000e+06	2.700000000000000000e+01
5.590000000000000000e+06	2.700000000000000000e+01
5.595000000000000000e+06	2.700000000000000000e+01
5.600000000000000000e+06	2.700000000000000000e+01
5.605000000000000000e+06	2.700000000000000000e+01
5.610000000000000000e+06	2.700000000000000000e+01
5.615000000000000000e+06	2.700000000000000000e+01
5.620000000000000000e+06	2.700000000000000000e+01
5.625000000000000000e+06	2.700000000000000000e+01
5.630000000000000000e+06	2.700000000000000000e+01
5.635000000000000000e+06	2.700000000000000000e+01
5.640000000000000000e+06	2.700000000000000000e+01
5.645000000000000000e+06	2.700000000000000000e+01
5.650000000000000000e+06	2.700000000000000000e+01
5.655000000000000000e+06	2.700000000000000000e+01
5.660000000000000000e+06	2.700000000000000000e+01
5.665000000000000000e+06	2.700000000000000000e+01
5.670000000000000000e+06	2.700000000000000000e+01
5.675000000000000000e+06	2.700000000000000000e+01
5.680000000000000000e+06	2.700000000000000000e+01
5.685000000000000000e+06	2.700000000000000000e+01
5.690000000000000000e+06	2.700000000000000000e+01
5.695000000000000000e+06	2.700000000000000000e+01
5.700000000000000000e+06	2.700000000000000000e+01
5.705000000000000000e+06	2.700000000000000000e+01
5.710000000000000000e+06	2.700000000000000000e+01
5.715000000000000000e+06	2.700000000000000000e+01
5.720000000000000000e+06	2.700000000000000000e+01
5.725000000000000000e+06	2.700000000000000000e+01
5.730000000000000000e+06	2.700000000000000000e+01
5.735000000000000000e+06	2.700000000000000000e+01
5.740000000000000000e+06	2.700000000000000000e+01
5.745000000000000000e+06	2.700000000000000000e+01
5.750000000000000000e+06	2.700000000000000000e+01
5.755000000000000000e+06	2.700000000000000000e+01
5.760000000000000000e+06	2.700000000000000000e+01
5.765000000000000000e+06	2.700000000000000000e+01
5.770000000000000000e+06	2.700000000000000000e+01
5.775000000000000000e+06	2.700000000000000000e+01
5.780000000000000000e+06	2.700000000000000000e+01
5.785000000000000000e+06	2.700000000000000000e+01
5.790000000000000000e+06	2.700000000000000000e+01
5.795000000000000000e+06	2.700000000000000000e+01
5.800000000000000000e+06	2.700000000000000000e+01
5.805000000000000000e+06	2.700000000000000000e+01
5.810000000000000000e+06	2.700000000000000000e+01
5.815000000000000000e+06	2.700000000000000000e+01
5.820000000000000000e+06	2.700000000000000000e+01
5.825000000000000000e+06	2.700000000000000000e+01
5.830000000000000000e+06	2.700000000000000000e+01
5.835000000000000000e+06	2.700000000000000000e+01
5.840000000000000000e+06	2.700000000000000000e+01
5.845000000000000000e+06	2.700000000000000000e+01
5.850000000000000000e+06	2.700000000000000000e+01
5.855000000000000000e+06	2.700000000000000000e+01
5.860000000000000000e+06	2.700000000000000000e+01
5.865000000000000000e+06	2.700000000000000000e+01
5.870000000000000000e+06	2.700000000000000000e+01
5.875000000000000000e+06	2.700000000000000000e+01
5.880000000000000000e+06	2.700000000000000000e+01
5.885000000000000000e+06	2.700000000000000000e+01
5.890000000000000000e+06	2.700000000000000000e+01
5.895000000000000000e+06	2.700000000000000000e+01
5.900000000000000000e+06	2.700000000000000000e+01
5.905000000000000000e+06	2.700000000000000000e+01
5.910000000000000000e+06	2.700000000000000000e+01
5.915000000000000000e+06	2.700000000000000000e+01
5.920000000000000000e+06	2.700000000000000000e+01
5.925000000000000000e+06	2.700000000000000000e+01
5.930000000000000000e+06	2.700000000000000000e+01
5.935000000000000000e+06	2.700000000000000000e+01
5.940000000000000000e+06	2.700000000000000000e+01
5.945000000000000000e+06	2.700000000000000000e+01
5.950000000000000000e+06	2.700000000000000000e+01
5.955000000000000000e+06	2.700000000000000000e+01
5.960000000000000000e+06	2.700000000000000000e+01
5.965000000000000000e+06	2.700000000000000000e+01
5.970000000000000000e+06	2.700000000000000000e+01
5.975000000000000000e+06	2.700000000000000000e+01
5.980000000000000000e+06	2.700000000000000000e+01
5.985000000000000000e+06	2.700000000000000000e+01
5.990000000000000000e+06	2.700000000000000000e+01
5.995000000000000000e+06	2.700000000000000000e+01
6.000000000000000000e+06	2.700000000000000000e+01
6.005000000000000000e+06	2.700000000000000000e+01
6.010000000000000000e+06	2.700000000000000000e+01
6.015000000000000000e+06	2.700000000000000000e+01
6.020000000000000000e+06	2.700000000000000000e+01
6.025000000000000000e+06	2.700000000000000000e+01
6.030000000000000000e+06	2.700000000000000000e+01
6.035000000000000000e+06	2.700000000000000000e+01
6.045000000000000000e+06	2.700000000000000000e+01
6.065000000000000000e+06	2.700000000000000000e+01
6.105000000000000000e+06	2.700000000000000000e+01
6.120000000000000000e+06	2.700000000000000000e+01
6.130000000000000000e+06	2.700000000000000000e+01
6.140000000000000000e+06	2.700000000000000000e+01
6.145000000000000000e+06	2.700000000000000000e+01
6.150000000000000000e+06	2.700000000000000000e+01
1.095500000000000000e+07	2.700000000000000000e+01
1.096000000000000000e+07	2.700000000000000000e+01
1.098500000000000000e+07	2.700000000000000000e+01
1.101500000000000000e+07	2.700000000000000000e+01
1.102000000000000000e+07	2.700000000000000000e+01
1.102500000000000000e+07	2.700000000000000000e+01
1.103000000000000000e+07	2.700000000000000000e+01
1.103500000000000000e+07	2.700000000000000000e+01
1.104000000000000000e+07	2.700000000000000000e+01
1.104500000000000000e+07	2.700000000000000000e+01
1.105000000000000000e+07	2.700000000000000000e+01
1.105500000000000000e+07	2.700000000000000000e+01
1.116000000000000000e+07	2.700000000000000000e+01
1.116500000000000000e+07	2.700000000000000000e+01
1.117000000000000000e+07	2.700000000000000000e+01
1.118500000000000000e+07	2.700000000000000000e+01
1.135500000000000000e+07	2.700000000000000000e+01
1.136000000000000000e+07	2.700000000000000000e+01
1.136500000000000000e+07	2.700000000000000000e+01
1.137000000000000000e+07	2.700000000000000000e+01
1.137500000000000000e+07	2.700000000000000000e+01
1.138000000000000000e+07	2.700000000000000000e+01
1.138500000000000000e+07	2.700000000000000000e+01
1.139000000000000000e+07	2.700000000000000000e+01
1.139500000000000000e+07	2.700000000000000000e+01
1.140500000000000000e+07	2.700000000000000000e+01
1.141000000000000000e+07	2.700000000000000000e+01
1.141500000000000000e+07	2.700000000000000000e+01
1.142000000000000000e+07	2.700000000000000000e+01
1.142500000000000000e+07	2.700000000000000000e+01
1.143000000000000000e+07	2.700000000000000000e+01
1.143500000000000000e+07	2.700000000000000000e+01
1.144000000000000000e+07	2.700000000000000000e+01
1.144500000000000000e+07	2.700000000000000000e+01
1.145000000000000000e+07	2.700000000000000000e+01
1.145500000000000000e+07	2.700000000000000000e+01
1.146000000000000000e+07	2.700000000000000000e+01
1.146500000000000000e+07	2.700000000000000000e+01
1.147000000000000000e+07	2.700000000000000000e+01
1.147500000000000000e+07	2.700000000000000000e+01
1.148000000000000000e+07	2.700000000000000000e+01
1.148500000000000000e+07	2.700000000000000000e+01
1.149000000000000000e+07	2.700000000000000000e+01
1.149500000000000000e+07	2.700000000000000000e+01
1.150000000000000000e+07	2.700000000000000000e+01
1.150500000000000000e+07	2.700000000000000000e+01
1.151000000000000000e+07	2.700000000000000000e+01
1.151500000000000000e+07	2.700000000000000000e+01
1.152000000000000000e+07	2.700000000000000000e+01
1.152500000000000000e+07	2.700000000000000000e+01
1.153000000000000000e+07	2.700000000000000000e+01
1.153500000000000000e+07	2.700000000000000000e+01
1.154000000000000000e+07	2.700000000000000000e+01
1.154500000000000000e+07	2.700000000000000000e+01
1.155000000000000000e+07	2.700000000000000000e+01
1.155500000000000000e+07	2.700000000000000000e+01
1.156000000000000000e+07	2.700000000000000000e+01
1.156500000000000000e+07	2.700000000000000000e+01
1.157000000000000000e+07	2.700000000000000000e+01
1.157500000000000000e+07	2.700000000000000000e+01
1.158000000000000000e+07	2.700000000000000000e+01
1.158500000000000000e+07	2.700000000000000000e+01
1.159000000000000000e+07	2.700000000000000000e+01
1.159500000000000000e+07	2.700000000000000000e+01
1.160000000000000000e+07	2.700000000000000000e+01
1.160500000000000000e+07	2.700000000000000000e+01
1.161000000000000000e+07	2.700000000000000000e+01
1.161500000000000000e+07	2.700000000000000000e+01
1.162000000000000000e+07	2.700000000000000000e+01
1.162500000000000000e+07	2.700000000000000000e+01
1.163000000000000000e+07	2.700000000000000000e+01
1.163500000000000000e+07	2.700000000000000000e+01
1.164000000000000000e+07	2.700000000000000000e+01
1.164500000000000000e+07	2.700000000000000000e+01
1.165000000000000000e+07	2.700000000000000000e+01
1.165500000000000000e+07	2.700000000000000000e+01
1.166000000000000000e+07	2.700000000000000000e+01
1.166500000000000000e+07	2.700000000000000000e+01
1.167000000000000000e+07	2.700000000000000000e+01
1.167500000000000000e+07	2.700000000000000000e+01
1.168000000000000000e+07	2.700000000000000000e+01
1.168500000000000000e+07	2.700000000000000000e+01
1.169000000000000000e+07	2.700000000000000000e+01
1.169500000000000000e+07	2.700000000000000000e+01
1.170000000000000000e+07	2.700000000000000000e+01
1.170500000000000000e+07	2.700000000000000000e+01
1.171000000000000000e+07	2.700000000000000000e+01
1.171500000000000000e+07	2.700000000000000000e+01
1.172000000000000000e+07	2.700000000000000000e+01
1.172500000000000000e+07	2.700000000000000000e+01
1.173000000000000000e+07	2.700000000000000000e+01
1.173500000000000000e+07	2.700000000000000000e+01
1.174000000000000000e+07	2.700000000000000000e+01
1.174500000000000000e+07	2.700000000000000000e+01
1.175000000000000000e+07	2.700000000000000000e+01
1.175500000000000000e+07	2.700000000000000000e+01
1.176000000000000000e+07	2.700000000000000000e+01
1.176500000000000000e+07	2.700000000000000000e+01
1.177000000000000000e+07	2.700000000000000000e+01
1.177500000000000000e+07	2.700000000000000000e+01
1.178000000000000000e+07	2.700000000000000000e+01
1.178500000000000000e+07	2.700000000000000000e+01
1.179000000000000000e+07	2.700000000000000000e+01
1.179500000000000000e+07	2.700000000000000000e+01
1.180000000000000000e+07	2.700000000000000000e+01
1.180500000000000000e+07	2.700000000000000000e+01
1.181000000000000000e+07	2.700000000000000000e+01
1.181500000000000000e+07	2.700000000000000000e+01
1.224500000000000000e+07	2.700000000000000000e+01
1.225000000000000000e+07	2.700000000000000000e+01
1.225500000000000000e+07	2.700000000000000000e+01
1.226000000000000000e+07	2.700000000000000000e+01
1.226500000000000000e+07	2.700000000000000000e+01
1.227000000000000000e+07	2.700000000000000000e+01
1.227500000000000000e+07	2.700000000000000000e+01
1.228000000000000000e+07	2.700000000000000000e+01
1.228500000000000000e+07	2.700000000000000000e+01
1.229000000000000000e+07	2.700000000000000000e+01
1.229500000000000000e+07	2.700000000000000000e+01
1.230000000000000000e+07	2.700000000000000000e+01
1.230500000000000000e+07	2.700000000000000000e+01
1.231000000000000000e+07	2.700000000000000000e+01
1.231500000000000000e+07	2.700000000000000000e+01
1.232000000000000000e+07	2.700000000000000000e+01
1.232500000000000000e+07	2.700000000000000000e+01
1.233000000000000000e+07	2.700000000000000000e+01
1.233500000000000000e+07	2.700000000000000000e+01
1.234000000000000000e+07	2.700000000000000000e+01
1.234500000000000000e+07	2.700000000000000000e+01
1.235000000000000000e+07	2.700000000000000000e+01
1.235500000000000000e+07	2.700000000000000000e+01
1.236000000000000000e+07	2.700000000000000000e+01
1.236500000000000000e+07	2.700000000000000000e+01
1.237000000000000000e+07	2.700000000000000000e+01
1.237500000000000000e+07	2.700000000000000000e+01
1.238000000000000000e+07	2.700000000000000000e+01
1.238500000000000000e+07	2.700000000000000000e+01
1.239000000000000000e+07	2.700000000000000000e+01
1.239500000000000000e+07	2.700000000000000000e+01
1.240000000000000000e+07	2.700000000000000000e+01
1.240500000000000000e+07	2.700000000000000000e+01
1.241000000000000000e+07	2.700000000000000000e+01
1.241500000000000000e+07	2.700000000000000000e+01
1.242000000000000000e+07	2.700000000000000000e+01
1.242500000000000000e+07	2.700000000000000000e+01
1.243000000000000000e+07	2.700000000000000000e+01
1.243500000000000000e+07	2.700000000000000000e+01
1.244000000000000000e+07	2.700000000000000000e+01
1.244500000000000000e+07	2.700000000000000000e+01
1.245000000000000000e+07	2.700000000000000000e+01
1.245500000000000000e+07	2.700000000000000000e+01
1.246000000000000000e+07	2.700000000000000000e+01
1.246500000000000000e+07	2.700000000000000000e+01
1.247000000000000000e+07	2.700000000000000000e+01
1.247500000000000000e+07	2.700000000000000000e+01
1.248000000000000000e+07	2.700000000000000000e+01
1.248500000000000000e+07	2.700000000000000000e+01
1.249000000000000000e+07	2.700000000000000000e+01
1.249500000000000000e+07	2.700000000000000000e+01
1.250000000000000000e+07	2.700000000000000000e+01
1.250500000000000000e+07	2.700000000000000000e+01
1.251000000000000000e+07	2.700000000000000000e+01
1.251500000000000000e+07	2.700000000000000000e+01
1.252000000000000000e+07	2.700000000000000000e+01
1.252500000000000000e+07	2.700000000000000000e+01
1.253000000000000000e+07	2.700000000000000000e+01
1.253500000000000000e+07	2.700000000000000000e+01
1.254000000000000000e+07	2.700000000000000000e+01
1.254500000000000000e+07	2.700000000000000000e+01
1.255000000000000000e+07	2.700000000000000000e+01
1.255500000000000000e+07	2.700000000000000000e+01
1.256000000000000000e+07	2.700000000000000000e+01
1.256500000000000000e+07	2.700000000000000000e+01
1.257000000000000000e+07	2.700000000000000000e+01
1.257500000000000000e+07	2.700000000000000000e+01
1.258000000000000000e+07	2.700000000000000000e+01
1.258500000000000000e+07	2.700000000000000000e+01
1.259000000000000000e+07	2.700000000000000000e+01
1.259500000000000000e+07	2.700000000000000000e+01
1.260000000000000000e+07	2.700000000000000000e+01
1.260500000000000000e+07	2.700000000000000000e+01
1.261000000000000000e+07	2.700000000000000000e+01
1.261500000000000000e+07	2.700000000000000000e+01
1.262000000000000000e+07	2.700000000000000000e+01
1.262500000000000000e+07	2.700000000000000000e+01
1.263000000000000000e+07	2.700000000000000000e+01
1.263500000000000000e+07	2.700000000000000000e+01
1.264000000000000000e+07	2.700000000000000000e+01
1.264500000000000000e+07	2.700000000000000000e+01
1.265000000000000000e+07	2.700000000000000000e+01
1.265500000000000000e+07	2.700000000000000000e+01
1.266000000000000000e+07	2.700000000000000000e+01
1.266500000000000000e+07	2.700000000000000000e+01
1.267000000000000000e+07	2.700000000000000000e+01
1.267500000000000000e+07	2.700000000000000000e+01
1.268000000000000000e+07	2.700000000000000000e+01
1.268500000000000000e+07	2.700000000000000000e+01
1.269000000000000000e+07	2.700000000000000000e+01
1.269500000000000000e+07	2.700000000000000000e+01
1.270000000000000000e+07	2.700000000000000000e+01
1.270500000000000000e+07	2.700000000000000000e+01
1.271000000000000000e+07	2.700000000000000000e+01
1.271500000000000000e+07	2.700000000000000000e+01
1.272000000000000000e+07	2.700000000000000000e+01
1.272500000000000000e+07	2.700000000000000000e+01
1.273000000000000000e+07	2.700000000000000000e+01
1.273500000000000000e+07	2.700000000000000000e+01
1.274000000000000000e+07	2.700000000000000000e+01
1.274500000000000000e+07	2.700000000000000000e+01
1.275000000000000000e+07	2.700000000000000000e+01
1.275500000000000000e+07	2.700000000000000000e+01
1.276000000000000000e+07	2.700000000000000000e+01
1.276500000000000000e+07	2.700000000000000000e+01
1.277000000000000000e+07	2.700000000000000000e+01
1.277500000000000000e+07	2.700000000000000000e+01
1.278000000000000000e+07	2.700000000000000000e+01
1.278500000000000000e+07	2.700000000000000000e+01
1.279000000000000000e+07	2.700000000000000000e+01
1.279500000000000000e+07	2.700000000000000000e+01
1.280000000000000000e+07	2.700000000000000000e+01
1.280500000000000000e+07	2.700000000000000000e+01
1.281000000000000000e+07	2.700000000000000000e+01
1.281500000000000000e+07	2.700000000000000000e+01
1.282000000000000000e+07	2.700000000000000000e+01
1.282500000000000000e+07	2.700000000000000000e+01
1.283000000000000000e+07	2.700000000000000000e+01
1.283500000000000000e+07	2.700000000000000000e+01
1.284000000000000000e+07	2.700000000000000000e+01
1.284500000000000000e+07	2.700000000000000000e+01
1.285000000000000000e+07	2.700000000000000000e+01
1.285500000000000000e+07	2.700000000000000000e+01
1.286000000000000000e+07	2.700000000000000000e+01
1.286500000000000000e+07	2.700000000000000000e+01
1.287000000000000000e+07	2.700000000000000000e+01
1.287500000000000000e+07	2.700000000000000000e+01
1.288000000000000000e+07	2.700000000000000000e+01
1.288500000000000000e+07	2.700000000000000000e+01
1.289000000000000000e+07	2.700000000000000000e+01
1.289500000000000000e+07	2.700000000000000000e+01
1.290000000000000000e+07	2.700000000000000000e+01
1.290500000000000000e+07	2.700000000000000000e+01
1.291000000000000000e+07	2.700000000000000000e+01
1.291500000000000000e+07	2.700000000000000000e+01
1.292000000000000000e+07	2.700000000000000000e+01
1.292500000000000000e+07	2.700000000000000000e+01
1.293000000000000000e+07	2.700000000000000000e+01
1.293500000000000000e+07	2.700000000000000000e+01
1.294000000000000000e+07	2.700000000000000000e+01
1.294500000000000000e+07	2.700000000000000000e+01
1.295000000000000000e+07	2.700000000000000000e+01
1.295500000000000000e+07	2.700000000000000000e+01
1.296000000000000000e+07	2.700000000000000000e+01
1.395000000000000000e+07	2.700000000000000000e+01
1.395500000000000000e+07	2.700000000000000000e+01
1.396000000000000000e+07	2.700000000000000000e+01
1.396500000000000000e+07	2.700000000000000000e+01
1.416500000000000000e+07	2.700000000000000000e+01
1.443000000000000000e+07	2.700000000000000000e+01
1.443500000000000000e+07	2.700000000000000000e+01
1.444000000000000000e+07	2.700000000000000000e+01
1.445000000000000000e+07	2.700000000000000000e+01
1.445500000000000000e+07	2.700000000000000000e+01
1.446500000000000000e+07	2.700000000000000000e+01
1.448500000000000000e+07	2.700000000000000000e+01
1.449000000000000000e+07	2.700000000000000000e+01
1.449500000000000000e+07	2.700000000000000000e+01
1.450000000000000000e+07	2.700000000000000000e+01
1.450500000000000000e+07	2.700000000000000000e+01
1.451000000000000000e+07	2.700000000000000000e+01
1.451500000000000000e+07	2.700000000000000000e+01
1.452000000000000000e+07	2.700000000000000000e+01
1.452500000000000000e+07	2.700000000000000000e+01
1.453000000000000000e+07	2.700000000000000000e+01
1.453500000000000000e+07	2.700000000000000000e+01
1.454500000000000000e+07	2.700000000000000000e+01
1.455000000000000000e+07	2.700000000000000000e+01
1.455500000000000000e+07	2.700000000000000000e+01
1.456500000000000000e+07	2.700000000000000000e+01
1.457000000000000000e+07	2.700000000000000000e+01
1.457500000000000000e+07	2.700000000000000000e+01
1.458000000000000000e+07	2.700000000000000000e+01
1.458500000000000000e+07	2.700000000000000000e+01
1.459000000000000000e+07	2.700000000000000000e+01
1.459500000000000000e+07	2.700000000000000000e+01
1.460000000000000000e+07	2.700000000000000000e+01
1.460500000000000000e+07	2.700000000000000000e+01
1.461000000000000000e+07	2.700000000000000000e+01
1.461500000000000000e+07	2.700000000000000000e+01
1.462000000000000000e+07	2.700000000000000000e+01
1.462500000000000000e+07	2.700000000000000000e+01
1.463000000000000000e+07	2.700000000000000000e+01
1.463500000000000000e+07	2.700000000000000000e+01
1.464000000000000000e+07	2.700000000000000000e+01
1.464500000000000000e+07	2.700000000000000000e+01
1.465000000000000000e+07	2.700000000000000000e+01
1.465500000000000000e+07	2.700000000000000000e+01
1.466000000000000000e+07	2.700000000000000000e+01
1.466500000000000000e+07	2.700000000000000000e+01
1.467000000000000000e+07	2.700000000000000000e+01
1.467500000000000000e+07	2.700000000000000000e+01
1.468000000000000000e+07	2.700000000000000000e+01
1.468500000000000000e+07	2.700000000000000000e+01
1.469000000000000000e+07	2.700000000000000000e+01
1.469500000000000000e+07	2.700000000000000000e+01
1.470000000000000000e+07	2.700000000000000000e+01
1.470500000000000000e+07	2.700000000000000000e+01
1.471000000000000000e+07	2.700000000000000000e+01
1.471500000000000000e+07	2.700000000000000000e+01
1.472000000000000000e+07	2.700000000000000000e+01
1.472500000000000000e+07	2.700000000000000000e+01
1.473000000000000000e+07	2.700000000000000000e+01
1.473500000000000000e+07	2.700000000000000000e+01
1.474000000000000000e+07	2.700000000000000000e+01
1.474500000000000000e+07	2.700000000000000000e+01
1.475000000000000000e+07	2.700000000000000000e+01
1.475500000000000000e+07	2.700000000000000000e+01
1.476000000000000000e+07	2.700000000000000000e+01
1.476500000000000000e+07	2.700000000000000000e+01
1.477000000000000000e+07	2.700000000000000000e+01
1.477500000000000000e+07	2.700000000000000000e+01
1.478000000000000000e+07	2.700000000000000000e+01
1.478500000000000000e+07	2.700000000000000000e+01
1.479000000000000000e+07	2.700000000000000000e+01
1.479500000000000000e+07	2.700000000000000000e+01
1.480000000000000000e+07	2.700000000000000000e+01
1.480500000000000000e+07	2.700000000000000000e+01
1.481000000000000000e+07	2.700000000000000000e+01
1.481500000000000000e+07	2.700000000000000000e+01
1.482000000000000000e+07	2.700000000000000000e+01
1.482500000000000000e+07	2.700000000000000000e+01
1.483000000000000000e+07	2.700000000000000000e+01
1.483500000000000000e+07	2.700000000000000000e+01
1.484000000000000000e+07	2.700000000000000000e+01
1.484500000000000000e+07	2.700000000000000000e+01
1.485000000000000000e+07	2.700000000000000000e+01
1.485500000000000000e+07	2.700000000000000000e+01
1.486000000000000000e+07	2.700000000000000000e+01
1.486500000000000000e+07	2.700000000000000000e+01
1.491500000000000000e+07	2.700000000000000000e+01
1.492000000000000000e+07	2.700000000000000000e+01
1.492500000000000000e+07	2.700000000000000000e+01
1.493000000000000000e+07	2.700000000000000000e+01
1.493500000000000000e+07	2.700000000000000000e+01
1.494000000000000000e+07	2.700000000000000000e+01
1.494500000000000000e+07	2.700000000000000000e+01
1.495000000000000000e+07	2.700000000000000000e+01
1.495500000000000000e+07	2.700000000000000000e+01
1.496000000000000000e+07	2.700000000000000000e+01
1.496500000000000000e+07	2.700000000000000000e+01
1.497000000000000000e+07	2.700000000000000000e+01
1.497500000000000000e+07	2.700000000000000000e+01
1.498000000000000000e+07	2.700000000000000000e+01
1.498500000000000000e+07	2.700000000000000000e+01
1.499000000000000000e+07	2.700000000000000000e+01
1.499500000000000000e+07	2.700000000000000000e+01
1.500000000000000000e+07	2.700000000000000000e+01
1.500500000000000000e+07	2.700000000000000000e+01
1.501000000000000000e+07	2.700000000000000000e+01
1.501500000000000000e+07	2.700000000000000000e+01
1.502000000000000000e+07	2.700000000000000000e+01
1.502500000000000000e+07	2.700000000000000000e+01
1.503000000000000000e+07	2.700000000000000000e+01
1.503500000000000000e+07	2.700000000000000000e+01
1.504000000000000000e+07	2.700000000000000000e+01
1.504500000000000000e+07	2.700000000000000000e+01
1.505000000000000000e+07	2.700000000000000000e+01
1.505500000000000000e+07	2.700000000000000000e+01
1.506000000000000000e+07	2.700000000000000000e+01
1.506500000000000000e+07	2.700000000000000000e+01
1.507000000000000000e+07	2.700000000000000000e+01
1.507500000000000000e+07	2.700000000000000000e+01
1.508000000000000000e+07	2.700000000000000000e+01
1.508500000000000000e+07	2.700000000000000000e+01
1.509000000000000000e+07	2.700000000000000000e+01
1.509500000000000000e+07	2.700000000000000000e+01
1.510000000000000000e+07	2.700000000000000000e+01
1.510500000000000000e+07	2.700000000000000000e+01
1.511000000000000000e+07	2.700000000000000000e+01
1.511500000000000000e+07	2.700000000000000000e+01
1.512000000000000000e+07	2.700000000000000000e+01
1.512500000000000000e+07	2.700000000000000000e+01
1.513000000000000000e+07	2.700000000000000000e+01
1.513500000000000000e+07	2.700000000000000000e+01
1.514000000000000000e+07	2.700000000000000000e+01
1.514500000000000000e+07	2.700000000000000000e+01
1.515000000000000000e+07	2.700000000000000000e+01
1.515500000000000000e+07	2.700000000000000000e+01
1.516500000000000000e+07	2.700000000000000000e+01
1.517000000000000000e+07	2.700000000000000000e+01
1.517500000000000000e+07	2.700000000000000000e+01
1.518000000000000000e+07	2.700000000000000000e+01
1.518500000000000000e+07	2.700000000000000000e+01
1.519000000000000000e+07	2.700000000000000000e+01
1.519500000000000000e+07	2.700000000000000000e+01
1.520500000000000000e+07	2.700000000000000000e+01
1.521000000000000000e+07	2.700000000000000000e+01
1.521500000000000000e+07	2.700000000000000000e+01
1.522000000000000000e+07	2.700000000000000000e+01
1.522500000000000000e+07	2.700000000000000000e+01
1.523000000000000000e+07	2.700000000000000000e+01
1.523500000000000000e+07	2.700000000000000000e+01
1.524000000000000000e+07	2.700000000000000000e+01
1.524500000000000000e+07	2.700000000000000000e+01
1.525000000000000000e+07	2.700000000000000000e+01
1.525500000000000000e+07	2.700000000000000000e+01
1.526000000000000000e+07	2.700000000000000000e+01
1.526500000000000000e+07	2.700000000000000000e+01
1.527000000000000000e+07	2.700000000000000000e+01
1.527500000000000000e+07	2.700000000000000000e+01
1.528000000000000000e+07	2.700000000000000000e+01
1.528500000000000000e+07	2.700000000000000000e+01
1.529000000000000000e+07	2.700000000000000000e+01
1.529500000000000000e+07	2.700000000000000000e+01
1.530000000000000000e+07	2.700000000000000000e+01
1.530500000000000000e+07	2.700000000000000000e+01
1.531000000000000000e+07	2.700000000000000000e+01
1.531500000000000000e+07	2.700000000000000000e+01
1.532000000000000000e+07	2.700000000000000000e+01
1.532500000000000000e+07	2.700000000000000000e+01
1.533000000000000000e+07	2.700000000000000000e+01
1.533500000000000000e+07	2.700000000000000000e+01
1.534000000000000000e+07	2.700000000000000000e+01
1.534500000000000000e+07	2.700000000000000000e+01
1.535000000000000000e+07	2.700000000000000000e+01
1.535500000000000000e+07	2.700000000000000000e+01
1.536000000000000000e+07	2.700000000000000000e+01
1.536500000000000000e+07	2.700000000000000000e+01
1.537000000000000000e+07	2.700000000000000000e+01
1.537500000000000000e+07	2.700000000000000000e+01
1.538000000000000000e+07	2.700000000000000000e+01
1.538500000000000000e+07	2.700000000000000000e+01
1.539000000000000000e+07	2.700000000000000000e+01
1.539500000000000000e+07	2.700000000000000000e+01
1.540000000000000000e+07	2.700000000000000000e+01
1.540500000000000000e+07	2.700000000000000000e+01
1.541000000000000000e+07	2.700000000000000000e+01
1.541500000000000000e+07	2.700000000000000000e+01
1.542000000000000000e+07	2.700000000000000000e+01
1.542500000000000000e+07	2.700000000000000000e+01
1.543000000000000000e+07	2.700000000000000000e+01
1.543500000000000000e+07	2.700000000000000000e+01
1.544000000000000000e+07	2.700000000000000000e+01
1.544500000000000000e+07	2.700000000000000000e+01
1.545000000000000000e+07	2.700000000000000000e+01
1.545500000000000000e+07	2.700000000000000000e+01
1.546000000000000000e+07	2.700000000000000000e+01
1.546500000000000000e+07	2.700000000000000000e+01
1.547000000000000000e+07	2.700000000000000000e+01
1.547500000000000000e+07	2.700000000000000000e+01
1.548000000000000000e+07	2.700000000000000000e+01
1.548500000000000000e+07	2.700000000000000000e+01
1.549000000000000000e+07	2.700000000000000000e+01
1.549500000000000000e+07	2.700000000000000000e+01
1.550000000000000000e+07	2.700000000000000000e+01
1.550500000000000000e+07	2.700000000000000000e+01
1.551000000000000000e+07	2.700000000000000000e+01
1.551500000000000000e+07	2.700000000000000000e+01
1.552000000000000000e+07	2.700000000000000000e+01
1.552500000000000000e+07	2.700000000000000000e+01
1.553000000000000000e+07	2.700000000000000000e+01
1.553500000000000000e+07	2.700000000000000000e+01
1.554000000000000000e+07	2.700000000000000000e+01
1.554500000000000000e+07	2.700000000000000000e+01
1.613500000000000000e+07	2.700000000000000000e+01
1.614000000000000000e+07	2.700000000000000000e+01
1.614500000000000000e+07	2.700000000000000000e+01
1.615000000000000000e+07	2.700000000000000000e+01
1.615500000000000000e+07	2.700000000000000000e+01
1.616000000000000000e+07	2.700000000000000000e+01
1.616500000000000000e+07	2.700000000000000000e+01
1.617000000000000000e+07	2.700000000000000000e+01
1.617500000000000000e+07	2.700000000000000000e+01
1.618000000000000000e+07	2.700000000000000000e+01
1.619000000000000000e+07	2.700000000000000000e+01
1.764500000000000000e+07	2.700000000000000000e+01
1.765000000000000000e+07	2.700000000000000000e+01
1.765500000000000000e+07	2.700000000000000000e+01
1.766000000000000000e+07	2.700000000000000000e+01
1.766500000000000000e+07	2.700000000000000000e+01
1.767000000000000000e+07	2.700000000000000000e+01
1.767500000000000000e+07	2.700000000000000000e+01
1.768000000000000000e+07	2.700000000000000000e+01
1.768500000000000000e+07	2.700000000000000000e+01
1.769000000000000000e+07	2.700000000000000000e+01
1.769500000000000000e+07	2.700000000000000000e+01
1.770000000000000000e+07	2.700000000000000000e+01
1.770500000000000000e+07	2.700000000000000000e+01
1.771000000000000000e+07	2.700000000000000000e+01
1.771500000000000000e+07	2.700000000000000000e+01
1.772000000000000000e+07	2.700000000000000000e+01
1.772500000000000000e+07	2.700000000000000000e+01
1.773000000000000000e+07	2.700000000000000000e+01
1.773500000000000000e+07	2.700000000000000000e+01
1.774000000000000000e+07	2.700000000000000000e+01
1.774500000000000000e+07	2.700000000000000000e+01
1.775000000000000000e+07	2.700000000000000000e+01
1.775500000000000000e+07	2.700000000000000000e+01
1.776000000000000000e+07	2.700000000000000000e+01
1.776500000000000000e+07	2.700000000000000000e+01
1.777000000000000000e+07	2.700000000000000000e+01
1.777500000000000000e+07	2.700000000000000000e+01
1.778000000000000000e+07	2.700000000000000000e+01
1.778500000000000000e+07	2.700000000000000000e+01
1.779000000000000000e+07	2.700000000000000000e+01
1.779500000000000000e+07	2.700000000000000000e+01
1.780000000000000000e+07	2.700000000000000000e+01
1.780500000000000000e+07	2.700000000000000000e+01
1.781000000000000000e+07	2.700000000000000000e+01
1.781500000000000000e+07	2.700000000000000000e+01
1.782000000000000000e+07	2.700000000000000000e+01
1.782500000000000000e+07	2.700000000000000000e+01
1.783000000000000000e+07	2.700000000000000000e+01
1.783500000000000000e+07	2.700000000000000000e+01
1.784000000000000000e+07	2.700000000000000000e+01
1.784500000000000000e+07	2.700000000000000000e+01
1.785000000000000000e+07	2.700000000000000000e+01
1.785500000000000000e+07	2.700000000000000000e+01
1.786000000000000000e+07	2.700000000000000000e+01
1.786500000000000000e+07	2.700000000000000000e+01
1.787000000000000000e+07	2.700000000000000000e+01
1.787500000000000000e+07	2.700000000000000000e+01
1.788000000000000000e+07	2.700000000000000000e+01
1.788500000000000000e+07	2.700000000000000000e+01
1.789000000000000000e+07	2.700000000000000000e+01
1.789500000000000000e+07	2.700000000000000000e+01
1.790000000000000000e+07	2.700000000000000000e+01
1.790500000000000000e+07	2.700000000000000000e+01
1.791000000000000000e+07	2.700000000000000000e+01
1.791500000000000000e+07	2.700000000000000000e+01
1.792000000000000000e+07	2.700000000000000000e+01
1.792500000000000000e+07	2.700000000000000000e+01
1.793000000000000000e+07	2.700000000000000000e+01
1.793500000000000000e+07	2.700000000000000000e+01
1.794000000000000000e+07	2.700000000000000000e+01
1.794500000000000000e+07	2.700000000000000000e+01
1.795000000000000000e+07	2.700000000000000000e+01
1.795500000000000000e+07	2.700000000000000000e+01
1.796000000000000000e+07	2.700000000000000000e+01
1.796500000000000000e+07	2.700000000000000000e+01
1.797000000000000000e+07	2.700000000000000000e+01
1.797500000000000000e+07	2.700000000000000000e+01
1.798000000000000000e+07	2.700000000000000000e+01
1.798500000000000000e+07	2.700000000000000000e+01
1.799000000000000000e+07	2.700000000000000000e+01
1.799500000000000000e+07	2.700000000000000000e+01
1.800000000000000000e+07	2.700000000000000000e+01
1.800500000000000000e+07	2.700000000000000000e+01
1.801000000000000000e+07	2.700000000000000000e+01
1.801500000000000000e+07	2.700000000000000000e+01
1.802000000000000000e+07	2.700000000000000000e+01
1.802500000000000000e+07	2.700000000000000000e+01
1.803000000000000000e+07	2.700000000000000000e+01
1.803500000000000000e+07	2.700000000000000000e+01
1.804000000000000000e+07	2.700000000000000000e+01
1.804500000000000000e+07	2.700000000000000000e+01
1.805000000000000000e+07	2.700000000000000000e+01
1.805500000000000000e+07	2.700000000000000000e+01
1.806000000000000000e+07	2.700000000000000000e+01
1.806500000000000000e+07	2.700000000000000000e+01
1.807000000000000000e+07	2.700000000000000000e+01
1.807500000000000000e+07	2.700000000000000000e+01
1.808000000000000000e+07	2.700000000000000000e+01
1.808500000000000000e+07	2.700000000000000000e+01
1.809000000000000000e+07	2.700000000000000000e+01
1.809500000000000000e+07	2.700000000000000000e+01
1.810000000000000000e+07	2.700000000000000000e+01
1.810500000000000000e+07	2.700000000000000000e+01
1.811000000000000000e+07	2.700000000000000000e+01
1.811500000000000000e+07	2.700000000000000000e+01
1.812000000000000000e+07	2.700000000000000000e+01
1.812500000000000000e+07	2.700000000000000000e+01
1.813000000000000000e+07	2.700000000000000000e+01
1.813500000000000000e+07	2.700000000000000000e+01
1.814000000000000000e+07	2.700000000000000000e+01
1.814500000000000000e+07	2.700000000000000000e+01
1.815000000000000000e+07	2.700000000000000000e+01
1.815500000000000000e+07	2.700000000000000000e+01
1.816000000000000000e+07	2.700000000000000000e+01
1.816500000000000000e+07	2.700000000000000000e+01
1.817000000000000000e+07	2.700000000000000000e+01
1.817500000000000000e+07	2.700000000000000000e+01
1.818000000000000000e+07	2.700000000000000000e+01
1.818500000000000000e+07	2.700000000000000000e+01
1.819000000000000000e+07	2.700000000000000000e+01
1.819500000000000000e+07	2.700000000000000000e+01
1.820000000000000000e+07	2.700000000000000000e+01
1.820500000000000000e+07	2.700000000000000000e+01
1.821000000000000000e+07	2.700000000000000000e+01
1.821500000000000000e+07	2.700000000000000000e+01
1.822000000000000000e+07	2.700000000000000000e+01
1.822500000000000000e+07	2.700000000000000000e+01
1.823000000000000000e+07	2.700000000000000000e+01
1.823500000000000000e+07	2.700000000000000000e+01
1.824000000000000000e+07	2.700000000000000000e+01
1.824500000000000000e+07	2.700000000000000000e+01
1.825000000000000000e+07	2.700000000000000000e+01
1.825500000000000000e+07	2.700000000000000000e+01
1.826000000000000000e+07	2.700000000000000000e+01
1.826500000000000000e+07	2.700000000000000000e+01
1.827000000000000000e+07	2.700000000000000000e+01
1.827500000000000000e+07	2.700000000000000000e+01
1.828000000000000000e+07	2.700000000000000000e+01
1.828500000000000000e+07	2.700000000000000000e+01
1.829000000000000000e+07	2.700000000000000000e+01
1.829500000000000000e+07	2.700000000000000000e+01
1.830000000000000000e+07	2.700000000000000000e+01
1.830500000000000000e+07	2.700000000000000000e+01
1.831000000000000000e+07	2.700000000000000000e+01
1.831500000000000000e+07	2.700000000000000000e+01
1.832000000000000000e+07	2.700000000000000000e+01
1.832500000000000000e+07	2.700000000000000000e+01
1.833000000000000000e+07	2.700000000000000000e+01
1.833500000000000000e+07	2.700000000000000000e+01
1.834000000000000000e+07	2.700000000000000000e+01
1.834500000000000000e+07	2.700000000000000000e+01
1.835000000000000000e+07	2.700000000000000000e+01
1.835500000000000000e+07	2.700000000000000000e+01
1.836000000000000000e+07	2.700000000000000000e+01
1.836500000000000000e+07	2.700000000000000000e+01
1.837000000000000000e+07	2.700000000000000000e+01
1.837500000000000000e+07	2.700000000000000000e+01
1.838000000000000000e+07	2.700000000000000000e+01
1.838500000000000000e+07	2.700000000000000000e+01
1.839000000000000000e+07	2.700000000000000000e+01
1.839500000000000000e+07	2.700000000000000000e+01
1.840000000000000000e+07	2.700000000000000000e+01
1.840500000000000000e+07	2.700000000000000000e+01
1.841000000000000000e+07	2.700000000000000000e+01
1.841500000000000000e+07	2.700000000000000000e+01
1.842000000000000000e+07	2.700000000000000000e+01
1.842500000000000000e+07	2.700000000000000000e+01
1.843000000000000000e+07	2.700000000000000000e+01
1.843500000000000000e+07	2.700000000000000000e+01
1.844000000000000000e+07	2.700000000000000000e+01
1.844500000000000000e+07	2.700000000000000000e+01
1.928500000000000000e+07	2.700000000000000000e+01
1.932000000000000000e+07	2.700000000000000000e+01
1.932500000000000000e+07	2.700000000000000000e+01
1.933000000000000000e+07	2.700000000000000000e+01
1.933500000000000000e+07	2.700000000000000000e+01
1.934000000000000000e+07	2.700000000000000000e+01
1.934500000000000000e+07	2.700000000000000000e+01
1.935000000000000000e+07	2.700000000000000000e+01
1.935500000000000000e+07	2.700000000000000000e+01
1.957500000000000000e+07	2.700000000000000000e+01
1.958000000000000000e+07	2.700000000000000000e+01
1.959000000000000000e+07	2.700000000000000000e+01
1.960000000000000000e+07	2.700000000000000000e+01
1.961000000000000000e+07	2.700000000000000000e+01
1.961500000000000000e+07	2.700000000000000000e+01
1.962000000000000000e+07	2.700000000000000000e+01
1.962500000000000000e+07	2.700000000000000000e+01
1.963000000000000000e+07	2.700000000000000000e+01
1.963500000000000000e+07	2.700000000000000000e+01
1.964000000000000000e+07	2.700000000000000000e+01
1.964500000000000000e+07	2.700000000000000000e+01
1.965000000000000000e+07	2.700000000000000000e+01
1.965500000000000000e+07	2.700000000000000000e+01
1.966000000000000000e+07	2.700000000000000000e+01
1.966500000000000000e+07	2.700000000000000000e+01
1.967000000000000000e+07	2.700000000000000000e+01
1.967500000000000000e+07	2.700000000000000000e+01
1.968000000000000000e+07	2.700000000000000000e+01
1.968500000000000000e+07	2.700000000000000000e+01
1.969000000000000000e+07	2.700000000000000000e+01
1.969500000000000000e+07	2.700000000000000000e+01
1.970000000000000000e+07	2.700000000000000000e+01
1.970500000000000000e+07	2.700000000000000000e+01
1.971000000000000000e+07	2.700000000000000000e+01
1.971500000000000000e+07	2.700000000000000000e+01
1.972000000000000000e+07	2.700000000000000000e+01
1.972500000000000000e+07	2.700000000000000000e+01
1.973000000000000000e+07	2.700000000000000000e+01
1.973500000000000000e+07	2.700000000000000000e+01
1.974000000000000000e+07	2.700000000000000000e+01
1.974500000000000000e+07	2.700000000000000000e+01
1.975000000000000000e+07	2.700000000000000000e+01
1.975500000000000000e+07	2.700000000000000000e+01
1.976000000000000000e+07	2.700000000000000000e+01
1.976500000000000000e+07	2.700000000000000000e+01
1.977000000000000000e+07	2.700000000000000000e+01
1.977500000000000000e+07	2.700000000000000000e+01
1.978000000000000000e+07	2.700000000000000000e+01
1.978500000000000000e+07	2.700000000000000000e+01
1.979000000000000000e+07	2.700000000000000000e+01
1.979500000000000000e+07	2.700000000000000000e+01
1.980000000000000000e+07	2.700000000000000000e+01
1.980500000000000000e+07	2.700000000000000000e+01
1.981000000000000000e+07	2.700000000000000000e+01
1.981500000000000000e+07	2.700000000000000000e+01
1.982000000000000000e+07	2.700000000000000000e+01
1.982500000000000000e+07	2.700000000000000000e+01
1.983000000000000000e+07	2.700000000000000000e+01
1.983500000000000000e+07	2.700000000000000000e+01
1.984000000000000000e+07	2.700000000000000000e+01
1.984500000000000000e+07	2.700000000000000000e+01
1.985000000000000000e+07	2.700000000000000000e+01
1.985500000000000000e+07	2.700000000000000000e+01
1.986000000000000000e+07	2.700000000000000000e+01
1.986500000000000000e+07	2.700000000000000000e+01
1.987000000000000000e+07	2.700000000000000000e+01
1.987500000000000000e+07	2.700000000000000000e+01
1.988000000000000000e+07	2.700000000000000000e+01
1.988500000000000000e+07	2.700000000000000000e+01
1.989000000000000000e+07	2.700000000000000000e+01
1.989500000000000000e+07	2.700000000000000000e+01
1.990000000000000000e+07	2.700000000000000000e+01
1.990500000000000000e+07	2.700000000000000000e+01
1.991000000000000000e+07	2.700000000000000000e+01
1.991500000000000000e+07	2.700000000000000000e+01
1.992000000000000000e+07	2.700000000000000000e+01
1.992500000000000000e+07	2.700000000000000000e+01
1.993000000000000000e+07	2.700000000000000000e+01
1.993500000000000000e+07	2.700000000000000000e+01
1.994000000000000000e+07	2.700000000000000000e+01
1.994500000000000000e+07	2.700000000000000000e+01
1.995000000000000000e+07	2.700000000000000000e+01
1.995500000000000000e+07	2.700000000000000000e+01
1.996000000000000000e+07	2.700000000000000000e+01
1.996500000000000000e+07	2.700000000000000000e+01
1.997000000000000000e+07	2.700000000000000000e+01
1.997500000000000000e+07	2.700000000000000000e+01
1.998000000000000000e+07	2.700000000000000000e+01
1.998500000000000000e+07	2.700000000000000000e+01
1.999000000000000000e+07	2.700000000000000000e+01
1.999500000000000000e+07	2.700000000000000000e+01
2.000000000000000000e+07	2.700000000000000000e+01
2.000500000000000000e+07	2.700000000000000000e+01
2.001000000000000000e+07	2.700000000000000000e+01
2.001500000000000000e+07	2.700000000000000000e+01
2.002500000000000000e+07	2.700000000000000000e+01
2.003000000000000000e+07	2.700000000000000000e+01
2.004000000000000000e+07	2.700000000000000000e+01
2.005500000000000000e+07	2.700000000000000000e+01
2.006000000000000000e+07	2.700000000000000000e+01
2.007500000000000000e+07	2.700000000000000000e+01
2.008000000000000000e+07	2.700000000000000000e+01
2.008500000000000000e+07	2.700000000000000000e+01
2.041000000000000000e+07	2.700000000000000000e+01
2.041500000000000000e+07	2.700000000000000000e+01
2.042000000000000000e+07	2.700000000000000000e+01
2.043500000000000000e+07	2.700000000000000000e+01
2.045000000000000000e+07	2.700000000000000000e+01
2.074000000000000000e+07	2.700000000000000000e+01
2.077000000000000000e+07	2.700000000000000000e+01
2.077500000000000000e+07	2.700000000000000000e+01
2.128500000000000000e+07	2.700000000000000000e+01
2.129000000000000000e+07	2.700000000000000000e+01
2.129500000000000000e+07	2.700000000000000000e+01
2.130000000000000000e+07	2.700000000000000000e+01
2.130500000000000000e+07	2.700000000000000000e+01
2.131000000000000000e+07	2.700000000000000000e+01
2.131500000000000000e+07	2.700000000000000000e+01
2.132000000000000000e+07	2.700000000000000000e+01
2.132500000000000000e+07	2.700000000000000000e+01
2.133000000000000000e+07	2.700000000000000000e+01
2.133500000000000000e+07	2.700000000000000000e+01
2.134000000000000000e+07	2.700000000000000000e+01
2.134500000000000000e+07	2.700000000000000000e+01
2.135000000000000000e+07	2.700000000000000000e+01
2.135500000000000000e+07	2.700000000000000000e+01
2.136000000000000000e+07	2.700000000000000000e+01
2.136500000000000000e+07	2.700000000000000000e+01
2.137000000000000000e+07	2.700000000000000000e+01
2.137500000000000000e+07	2.700000000000000000e+01
2.138000000000000000e+07	2.700000000000000000e+01
2.138500000000000000e+07	2.700000000000000000e+01
2.139000000000000000e+07	2.700000000000000000e+01
2.139500000000000000e+07	2.700000000000000000e+01
2.140000000000000000e+07	2.700000000000000000e+01
2.140500000000000000e+07	2.700000000000000000e+01
2.163000000000000000e+07	2.700000000000000000e+01
2.166500000000000000e+07	2.700000000000000000e+01
2.167500000000000000e+07	2.700000000000000000e+01
2.168000000000000000e+07	2.700000000000000000e+01
2.168500000000000000e+07	2.700000000000000000e+01
2.169000000000000000e+07	2.700000000000000000e+01
2.169500000000000000e+07	2.700000000000000000e+01
2.170000000000000000e+07	2.700000000000000000e+01
2.170500000000000000e+07	2.700000000000000000e+01
2.171000000000000000e+07	2.700000000000000000e+01
2.171500000000000000e+07	2.700000000000000000e+01
2.172000000000000000e+07	2.700000000000000000e+01
2.172500000000000000e+07	2.700000000000000000e+01
2.173000000000000000e+07	2.700000000000000000e+01
2.173500000000000000e+07	2.700000000000000000e+01
2.174000000000000000e+07	2.700000000000000000e+01
2.174500000000000000e+07	2.700000000000000000e+01
2.175000000000000000e+07	2.700000000000000000e+01
2.175500000000000000e+07	2.700000000000000000e+01
2.176000000000000000e+07	2.700000000000000000e+01
2.176500000000000000e+07	2.700000000000000000e+01
2.177000000000000000e+07	2.700000000000000000e+01
2.177500000000000000e+07	2.700000000000000000e+01
2.178000000000000000e+07	2.700000000000000000e+01
2.178500000000000000e+07	2.700000000000000000e+01
2.179000000000000000e+07	2.700000000000000000e+01
2.179500000000000000e+07	2.700000000000000000e+01
2.180000000000000000e+07	2.700000000000000000e+01
2.180500000000000000e+07	2.700000000000000000e+01
2.181000000000000000e+07	2.700000000000000000e+01
2.181500000000000000e+07	2.700000000000000000e+01
2.182000000000000000e+07	2.700000000000000000e+01
2.182500000000000000e+07	2.700000000000000000e+01
2.183000000000000000e+07	2.700000000000000000e+01
2.183500000000000000e+07	2.700000000000000000e+01
2.184000000000000000e+07	2.700000000000000000e+01
2.184500000000000000e+07	2.700000000000000000e+01
2.185000000000000000e+07	2.700000000000000000e+01
2.185500000000000000e+07	2.700000000000000000e+01
2.186000000000000000e+07	2.700000000000000000e+01
2.186500000000000000e+07	2.700000000000000000e+01
2.187000000000000000e+07	2.700000000000000000e+01
2.187500000000000000e+07	2.700000000000000000e+01
2.188000000000000000e+07	2.700000000000000000e+01
2.188500000000000000e+07	2.700000000000000000e+01
2.189000000000000000e+07	2.700000000000000000e+01
2.189500000000000000e+07	2.700000000000000000e+01
2.190000000000000000e+07	2.700000000000000000e+01
2.190500000000000000e+07	2.700000000000000000e+01
2.191000000000000000e+07	2.700000000000000000e+01
2.191500000000000000e+07	2.700000000000000000e+01
2.192000000000000000e+07	2.700000000000000000e+01
2.192500000000000000e+07	2.700000000000000000e+01
2.193000000000000000e+07	2.700000000000000000e+01
2.193500000000000000e+07	2.700000000000000000e+01
2.194000000000000000e+07	2.700000000000000000e+01
2.194500000000000000e+07	2.700000000000000000e+01
2.195000000000000000e+07	2.700000000000000000e+01
2.195500000000000000e+07	2.700000000000000000e+01
2.196000000000000000e+07	2.700000000000000000e+01
2.196500000000000000e+07	2.700000000000000000e+01
2.197000000000000000e+07	2.700000000000000000e+01
2.197500000000000000e+07	2.700000000000000000e+01
2.198000000000000000e+07	2.700000000000000000e+01
2.198500000000000000e+07	2.700000000000000000e+01
2.199000000000000000e+07	2.700000000000000000e+01
2.199500000000000000e+07	2.700000000000000000e+01
2.200000000000000000e+07	2.700000000000000000e+01
2.200500000000000000e+07	2.700000000000000000e+01
2.201000000000000000e+07	2.700000000000000000e+01
2.201500000000000000e+07	2.700000000000000000e+01
2.202000000000000000e+07	2.700000000000000000e+01
2.202500000000000000e+07	2.700000000000000000e+01
2.203000000000000000e+07	2.700000000000000000e+01
2.203500000000000000e+07	2.700000000000000000e+01
2.204000000000000000e+07	2.700000000000000000e+01
2.204500000000000000e+07	2.700000000000000000e+01
2.205000000000000000e+07	2.700000000000000000e+01
2.205500000000000000e+07	2.700000000000000000e+01
2.206000000000000000e+07	2.700000000000000000e+01
2.206500000000000000e+07	2.700000000000000000e+01
2.207000000000000000e+07	2.700000000000000000e+01
2.207500000000000000e+07	2.700000000000000000e+01
2.208000000000000000e+07	2.700000000000000000e+01
2.208500000000000000e+07	2.700000000000000000e+01
2.209000000000000000e+07	2.700000000000000000e+01
2.209500000000000000e+07	2.700000000000000000e+01
2.210000000000000000e+07	2.700000000000000000e+01
2.210500000000000000e+07	2.700000000000000000e+01
2.211000000000000000e+07	2.700000000000000000e+01
2.211500000000000000e+07	2.700000000000000000e+01
2.212000000000000000e+07	2.700000000000000000e+01
2.212500000000000000e+07	2.700000000000000000e+01
2.213000000000000000e+07	2.700000000000000000e+01
2.213500000000000000e+07	2.700000000000000000e+01
2.214000000000000000e+07	2.700000000000000000e+01
2.214500000000000000e+07	2.700000000000000000e+01
2.215000000000000000e+07	2.700000000000000000e+01
2.215500000000000000e+07	2.700000000000000000e+01
2.216000000000000000e+07	2.700000000000000000e+01
2.216500000000000000e+07	2.700000000000000000e+01
2.217000000000000000e+07	2.700000000000000000e+01
2.217500000000000000e+07	2.700000000000000000e+01
2.218000000000000000e+07	2.700000000000000000e+01
2.218500000000000000e+07	2.700000000000000000e+01
2.219000000000000000e+07	2.700000000000000000e+01
2.219500000000000000e+07	2.700000000000000000e+01
2.220000000000000000e+07	2.700000000000000000e+01
2.220500000000000000e+07	2.700000000000000000e+01
2.221000000000000000e+07	2.700000000000000000e+01
2.221500000000000000e+07	2.700000000000000000e+01
2.222000000000000000e+07	2.700000000000000000e+01
2.222500000000000000e+07	2.700000000000000000e+01
2.223000000000000000e+07	2.700000000000000000e+01
2.223500000000000000e+07	2.700000000000000000e+01
2.224000000000000000e+07	2.700000000000000000e+01
2.224500000000000000e+07	2.700000000000000000e+01
2.225000000000000000e+07	2.700000000000000000e+01
2.225500000000000000e+07	2.700000000000000000e+01
2.226000000000000000e+07	2.700000000000000000e+01
2.226500000000000000e+07	2.700000000000000000e+01
2.227000000000000000e+07	2.700000000000000000e+01
2.227500000000000000e+07	2.700000000000000000e+01
2.228000000000000000e+07	2.700000000000000000e+01
2.228500000000000000e+07	2.700000000000000000e+01
2.229500000000000000e+07	2.700000000000000000e+01
2.230000000000000000e+07	2.700000000000000000e+01
2.230500000000000000e+07	2.700000000000000000e+01
2.231000000000000000e+07	2.700000000000000000e+01
2.231500000000000000e+07	2.700000000000000000e+01
2.232500000000000000e+07	2.700000000000000000e+01
2.237000000000000000e+07	2.700000000000000000e+01
2.238500000000000000e+07	2.700000000000000000e+01
2.239500000000000000e+07	2.700000000000000000e+01
2.240000000000000000e+07	2.700000000000000000e+01
2.240500000000000000e+07	2.700000000000000000e+01
2.241000000000000000e+07	2.700000000000000000e+01
2.242000000000000000e+07	2.700000000000000000e+01
2.242500000000000000e+07	2.700000000000000000e+01
2.243000000000000000e+07	2.700000000000000000e+01
2.244000000000000000e+07	2.700000000000000000e+01
2.300000000000000000e+07	2.700000000000000000e+01
2.301500000000000000e+07	2.700000000000000000e+01
2.302000000000000000e+07	2.700000000000000000e+01
2.563500000000000000e+07	2.700000000000000000e+01
2.564000000000000000e+07	2.700000000000000000e+01
2.564500000000000000e+07	2.700000000000000000e+01
2.568500000000000000e+07	2.700000000000000000e+01
2.569000000000000000e+07	2.700000000000000000e+01
2.569500000000000000e+07	2.700000000000000000e+01
2.570000000000000000e+07	2.700000000000000000e+01
2.570500000000000000e+07	2.700000000000000000e+01
2.571000000000000000e+07	2.700000000000000000e+01
2.571500000000000000e+07	2.700000000000000000e+01
2.572000000000000000e+07	2.700000000000000000e+01
2.572500000000000000e+07	2.700000000000000000e+01
2.573000000000000000e+07	2.700000000000000000e+01
2.573500000000000000e+07	2.700000000000000000e+01
2.574000000000000000e+07	2.700000000000000000e+01
2.574500000000000000e+07	2.700000000000000000e+01
2.575000000000000000e+07	2.700000000000000000e+01
2.575500000000000000e+07	2.700000000000000000e+01
2.576000000000000000e+07	2.700000000000000000e+01
2.576500000000000000e+07	2.700000000000000000e+01
2.579500000000000000e+07	2.700000000000000000e+01
2.581000000000000000e+07	2.700000000000000000e+01
2.612000000000000000e+07	2.700000000000000000e+01
2.612500000000000000e+07	2.700000000000000000e+01
2.613000000000000000e+07	2.700000000000000000e+01
2.614000000000000000e+07	2.700000000000000000e+01
2.615000000000000000e+07	2.700000000000000000e+01
2.628000000000000000e+07	2.700000000000000000e+01
2.646000000000000000e+07	2.700000000000000000e+01
2.648000000000000000e+07	2.700000000000000000e+01
2.649500000000000000e+07	2.700000000000000000e+01
2.650000000000000000e+07	2.700000000000000000e+01
2.650500000000000000e+07	2.700000000000000000e+01
2.651000000000000000e+07	2.700000000000000000e+01
2.651500000000000000e+07	2.700000000000000000e+01
2.652000000000000000e+07	2.700000000000000000e+01
2.652500000000000000e+07	2.700000000000000000e+01
2.653000000000000000e+07	2.700000000000000000e+01
2.653500000000000000e+07	2.700000000000000000e+01
2.654000000000000000e+07	2.700000000000000000e+01
2.654500000000000000e+07	2.700000000000000000e+01
2.655000000000000000e+07	2.700000000000000000e+01
2.655500000000000000e+07	2.700000000000000000e+01
2.656000000000000000e+07	2.700000000000000000e+01
2.656500000000000000e+07	2.700000000000000000e+01
2.657000000000000000e+07	2.700000000000000000e+01
2.657500000000000000e+07	2.700000000000000000e+01
2.658000000000000000e+07	2.700000000000000000e+01
2.658500000000000000e+07	2.700000000000000000e+01
2.659000000000000000e+07	2.700000000000000000e+01
2.659500000000000000e+07	2.700000000000000000e+01
2.660000000000000000e+07	2.700000000000000000e+01
2.660500000000000000e+07	2.700000000000000000e+01
2.661000000000000000e+07	2.700000000000000000e+01
2.661500000000000000e+07	2.700000000000000000e+01
2.662000000000000000e+07	2.700000000000000000e+01
2.662500000000000000e+07	2.700000000000000000e+01
2.663000000000000000e+07	2.700000000000000000e+01
2.663500000000000000e+07	2.700000000000000000e+01
2.664000000000000000e+07	2.700000000000000000e+01
2.664500000000000000e+07	2.700000000000000000e+01
2.665000000000000000e+07	2.700000000000000000e+01
2.665500000000000000e+07	2.700000000000000000e+01
2.892000000000000000e+07	2.700000000000000000e+01
2.905500000000000000e+07	2.700000000000000000e+01
2.918000000000000000e+07	2.700000000000000000e+01
2.918500000000000000e+07	2.700000000000000000e+01
2.919000000000000000e+07	2.700000000000000000e+01
2.919500000000000000e+07	2.700000000000000000e+01
2.920000000000000000e+07	2.700000000000000000e+01
2.920500000000000000e+07	2.700000000000000000e+01
2.921000000000000000e+07	2.700000000000000000e+01
2.921500000000000000e+07	2.700000000000000000e+01
2.922000000000000000e+07	2.700000000000000000e+01
2.922500000000000000e+07	2.700000000000000000e+01
2.923000000000000000e+07	2.700000000000000000e+01
2.923500000000000000e+07	2.700000000000000000e+01
2.924000000000000000e+07	2.700000000000000000e+01
2.928500000000000000e+07	2.700000000000000000e+01
2.929000000000000000e+07	2.700000000000000000e+01
2.929500000000000000e+07	2.700000000000000000e+01
2.930000000000000000e+07	2.700000000000000000e+01
2.930500000000000000e+07	2.700000000000000000e+01
2.931000000000000000e+07	2.700000000000000000e+01
2.931500000000000000e+07	2.700000000000000000e+01
2.932000000000000000e+07	2.700000000000000000e+01
2.932500000000000000e+07	2.700000000000000000e+01
2.933000000000000000e+07	2.700000000000000000e+01
2.933500000000000000e+07	2.700000000000000000e+01
2.934000000000000000e+07	2.700000000000000000e+01
2.934500000000000000e+07	2.700000000000000000e+01
2.935000000000000000e+07	2.700000000000000000e+01
2.935500000000000000e+07	2.700000000000000000e+01
2.936000000000000000e+07	2.700000000000000000e+01
2.936500000000000000e+07	2.700000000000000000e+01
2.937000000000000000e+07	2.700000000000000000e+01
2.937500000000000000e+07	2.700000000000000000e+01
2.938000000000000000e+07	2.700000000000000000e+01
2.938500000000000000e+07	2.700000000000000000e+01
2.939000000000000000e+07	2.700000000000000000e+01
2.939500000000000000e+07	2.700000000000000000e+01
2.940000000000000000e+07	2.700000000000000000e+01
2.940500000000000000e+07	2.700000000000000000e+01
2.941000000000000000e+07	2.700000000000000000e+01
2.941500000000000000e+07	2.700000000000000000e+01
2.942000000000000000e+07	2.700000000000000000e+01
2.942500000000000000e+07	2.700000000000000000e+01
2.943000000000000000e+07	2.700000000000000000e+01
2.943500000000000000e+07	2.700000000000000000e+01
2.944000000000000000e+07	2.700000000000000000e+01
2.944500000000000000e+07	2.700000000000000000e+01
2.945000000000000000e+07	2.700000000000000000e+01
2.945500000000000000e+07	2.700000000000000000e+01
2.946000000000000000e+07	2.700000000000000000e+01
2.946500000000000000e+07	2.700000000000000000e+01
2.947000000000000000e+07	2.700000000000000000e+01
2.947500000000000000e+07	2.700000000000000000e+01
2.948000000000000000e+07	2.700000000000000000e+01
2.948500000000000000e+07	2.700000000000000000e+01
2.949000000000000000e+07	2.700000000000000000e+01
2.949500000000000000e+07	2.700000000000000000e+01
2.950000000000000000e+07	2.700000000000000000e+01
2.950500000000000000e+07	2.700000000000000000e+01
2.951000000000000000e+07	2.700000000000000000e+01
2.951500000000000000e+07	2.700000000000000000e+01
2.952000000000000000e+07	2.700000000000000000e+01
2.952500000000000000e+07	2.700000000000000000e+01
2.953000000000000000e+07	2.700000000000000000e+01
2.953500000000000000e+07	2.700000000000000000e+01
2.954000000000000000e+07	2.700000000000000000e+01
2.954500000000000000e+07	2.700000000000000000e+01
2.955000000000000000e+07	2.700000000000000000e+01
2.955500000000000000e+07	2.700000000000000000e+01
2.956000000000000000e+07	2.700000000000000000e+01
2.956500000000000000e+07	2.700000000000000000e+01
2.957000000000000000e+07	2.700000000000000000e+01
2.957500000000000000e+07	2.700000000000000000e+01
2.958000000000000000e+07	2.700000000000000000e+01
2.958500000000000000e+07	2.700000000000000000e+01
2.959000000000000000e+07	2.700000000000000000e+01
2.959500000000000000e+07	2.700000000000000000e+01
2.960000000000000000e+07	2.700000000000000000e+01
2.960500000000000000e+07	2.700000000000000000e+01
2.961000000000000000e+07	2.700000000000000000e+01
2.961500000000000000e+07	2.700000000000000000e+01
2.962000000000000000e+07	2.700000000000000000e+01
2.962500000000000000e+07	2.700000000000000000e+01
2.963000000000000000e+07	2.700000000000000000e+01
2.963500000000000000e+07	2.700000000000000000e+01
2.964000000000000000e+07	2.700000000000000000e+01
2.964500000000000000e+07	2.700000000000000000e+01
2.965000000000000000e+07	2.700000000000000000e+01
2.965500000000000000e+07	2.700000000000000000e+01
2.966000000000000000e+07	2.700000000000000000e+01
2.966500000000000000e+07	2.700000000000000000e+01
2.967000000000000000e+07	2.700000000000000000e+01
2.967500000000000000e+07	2.700000000000000000e+01
2.968000000000000000e+07	2.700000000000000000e+01
2.968500000000000000e+07	2.700000000000000000e+01
2.969000000000000000e+07	2.700000000000000000e+01
2.969500000000000000e+07	2.700000000000000000e+01
2.970000000000000000e+07	2.700000000000000000e+01
2.970500000000000000e+07	2.700000000000000000e+01
2.971000000000000000e+07	2.700000000000000000e+01
2.971500000000000000e+07	2.700000000000000000e+01
2.991000000000000000e+07	2.700000000000000000e+01
2.995500000000000000e+07	2.700000000000000000e+01
2.996000000000000000e+07	2.700000000000000000e+01
