1.573000000000000000e+07	2.100000000000000000e+01
1.573500000000000000e+07	2.100000000000000000e+01
1.595000000000000000e+07	2.100000000000000000e+01
1.708500000000000000e+07	2.100000000000000000e+01
1.709000000000000000e+07	2.100000000000000000e+01
1.709500000000000000e+07	2.100000000000000000e+01
1.710000000000000000e+07	2.100000000000000000e+01
1.715000000000000000e+07	2.100000000000000000e+01
1.715500000000000000e+07	2.100000000000000000e+01
1.716000000000000000e+07	2.100000000000000000e+01
1.716500000000000000e+07	2.100000000000000000e+01
1.717000000000000000e+07	2.100000000000000000e+01
1.717500000000000000e+07	2.100000000000000000e+01
1.718000000000000000e+07	2.100000000000000000e+01
1.718500000000000000e+07	2.100000000000000000e+01
1.719000000000000000e+07	2.100000000000000000e+01
1.719500000000000000e+07	2.100000000000000000e+01
1.720000000000000000e+07	2.100000000000000000e+01
1.720500000000000000e+07	2.100000000000000000e+01
1.721000000000000000e+07	2.100000000000000000e+01
1.721500000000000000e+07	2.100000000000000000e+01
1.722000000000000000e+07	2.100000000000000000e+01
1.722500000000000000e+07	2.100000000000000000e+01
1.723000000000000000e+07	2.100000000000000000e+01
1.723500000000000000e+07	2.100000000000000000e+01
1.724000000000000000e+07	2.100000000000000000e+01
1.724500000000000000e+07	2.100000000000000000e+01
1.725000000000000000e+07	2.100000000000000000e+01
1.725500000000000000e+07	2.100000000000000000e+01
1.726000000000000000e+07	2.100000000000000000e+01
1.726500000000000000e+07	2.100000000000000000e+01
1.727000000000000000e+07	2.100000000000000000e+01
1.727500000000000000e+07	2.100000000000000000e+01
1.728000000000000000e+07	2.100000000000000000e+01
1.728500000000000000e+07	2.100000000000000000e+01
1.729000000000000000e+07	2.100000000000000000e+01
1.729500000000000000e+07	2.100000000000000000e+01
1.730000000000000000e+07	2.100000000000000000e+01
1.730500000000000000e+07	2.100000000000000000e+01
1.731000000000000000e+07	2.100000000000000000e+01
1.731500000000000000e+07	2.100000000000000000e+01
1.732000000000000000e+07	2.100000000000000000e+01
1.732500000000000000e+07	2.100000000000000000e+01
1.733000000000000000e+07	2.100000000000000000e+01
1.733500000000000000e+07	2.100000000000000000e+01
1.734000000000000000e+07	2.100000000000000000e+01
1.735000000000000000e+07	2.100000000000000000e+01
1.735500000000000000e+07	2.100000000000000000e+01
1.736000000000000000e+07	2.100000000000000000e+01
1.736500000000000000e+07	2.100000000000000000e+01
1.737000000000000000e+07	2.100000000000000000e+01
1.737500000000000000e+07	2.100000000000000000e+01
1.738000000000000000e+07	2.100000000000000000e+01
1.738500000000000000e+07	2.100000000000000000e+01
1.739000000000000000e+07	2.100000000000000000e+01
1.740000000000000000e+07	2.100000000000000000e+01
1.762500000000000000e+07	2.100000000000000000e+01
1.763000000000000000e+07	2.100000000000000000e+01
1.763500000000000000e+07	2.100000000000000000e+01
1.764000000000000000e+07	2.100000000000000000e+01
1.764500000000000000e+07	2.100000000000000000e+01
1.765000000000000000e+07	2.100000000000000000e+01
1.765500000000000000e+07	2.100000000000000000e+01
1.766000000000000000e+07	2.100000000000000000e+01
1.766500000000000000e+07	2.100000000000000000e+01
1.767000000000000000e+07	2.100000000000000000e+01
1.767500000000000000e+07	2.100000000000000000e+01
1.768000000000000000e+07	2.100000000000000000e+01
1.768500000000000000e+07	2.100000000000000000e+01
1.769000000000000000e+07	2.100000000000000000e+01
1.769500000000000000e+07	2.100000000000000000e+01
1.772000000000000000e+07	2.100000000000000000e+01
1.772500000000000000e+07	2.100000000000000000e+01
1.773000000000000000e+07	2.100000000000000000e+01
1.774000000000000000e+07	2.100000000000000000e+01
1.774500000000000000e+07	2.100000000000000000e+01
1.775000000000000000e+07	2.100000000000000000e+01
1.775500000000000000e+07	2.100000000000000000e+01
1.776000000000000000e+07	2.100000000000000000e+01
1.776500000000000000e+07	2.100000000000000000e+01
1.777500000000000000e+07	2.100000000000000000e+01
1.778000000000000000e+07	2.100000000000000000e+01
1.778500000000000000e+07	2.100000000000000000e+01
1.779000000000000000e+07	2.100000000000000000e+01
1.779500000000000000e+07	2.100000000000000000e+01
1.780000000000000000e+07	2.100000000000000000e+01
1.780500000000000000e+07	2.100000000000000000e+01
1.781000000000000000e+07	2.100000000000000000e+01
1.781500000000000000e+07	2.100000000000000000e+01
1.782000000000000000e+07	2.100000000000000000e+01
1.782500000000000000e+07	2.100000000000000000e+01
1.783000000000000000e+07	2.100000000000000000e+01
1.783500000000000000e+07	2.100000000000000000e+01
1.784000000000000000e+07	2.100000000000000000e+01
1.784500000000000000e+07	2.100000000000000000e+01
1.794000000000000000e+07	2.100000000000000000e+01
1.821500000000000000e+07	2.100000000000000000e+01
1.824000000000000000e+07	2.100000000000000000e+01
1.824500000000000000e+07	2.100000000000000000e+01
1.825500000000000000e+07	2.100000000000000000e+01
1.826000000000000000e+07	2.100000000000000000e+01
1.826500000000000000e+07	2.100000000000000000e+01
1.827000000000000000e+07	2.100000000000000000e+01
1.827500000000000000e+07	2.100000000000000000e+01
1.828000000000000000e+07	2.100000000000000000e+01
1.828500000000000000e+07	2.100000000000000000e+01
1.829000000000000000e+07	2.100000000000000000e+01
1.829500000000000000e+07	2.100000000000000000e+01
1.830000000000000000e+07	2.100000000000000000e+01
1.830500000000000000e+07	2.100000000000000000e+01
1.831000000000000000e+07	2.100000000000000000e+01
1.831500000000000000e+07	2.100000000000000000e+01
1.832000000000000000e+07	2.100000000000000000e+01
1.832500000000000000e+07	2.100000000000000000e+01
1.833000000000000000e+07	2.100000000000000000e+01
1.833500000000000000e+07	2.100000000000000000e+01
1.834000000000000000e+07	2.100000000000000000e+01
1.834500000000000000e+07	2.100000000000000000e+01
1.835000000000000000e+07	2.100000000000000000e+01
1.835500000000000000e+07	2.100000000000000000e+01
1.836000000000000000e+07	2.100000000000000000e+01
1.836500000000000000e+07	2.100000000000000000e+01
1.837000000000000000e+07	2.100000000000000000e+01
1.837500000000000000e+07	2.100000000000000000e+01
1.838000000000000000e+07	2.100000000000000000e+01
1.838500000000000000e+07	2.100000000000000000e+01
1.839000000000000000e+07	2.100000000000000000e+01
1.839500000000000000e+07	2.100000000000000000e+01
1.840000000000000000e+07	2.100000000000000000e+01
1.840500000000000000e+07	2.100000000000000000e+01
1.841000000000000000e+07	2.100000000000000000e+01
1.841500000000000000e+07	2.100000000000000000e+01
1.842000000000000000e+07	2.100000000000000000e+01
1.842500000000000000e+07	2.100000000000000000e+01
1.843000000000000000e+07	2.100000000000000000e+01
1.843500000000000000e+07	2.100000000000000000e+01
1.844000000000000000e+07	2.100000000000000000e+01
1.844500000000000000e+07	2.100000000000000000e+01
1.845000000000000000e+07	2.100000000000000000e+01
1.845500000000000000e+07	2.100000000000000000e+01
1.846000000000000000e+07	2.100000000000000000e+01
1.846500000000000000e+07	2.100000000000000000e+01
1.847000000000000000e+07	2.100000000000000000e+01
1.847500000000000000e+07	2.100000000000000000e+01
1.848000000000000000e+07	2.100000000000000000e+01
1.848500000000000000e+07	2.100000000000000000e+01
1.849000000000000000e+07	2.100000000000000000e+01
1.849500000000000000e+07	2.100000000000000000e+01
1.850000000000000000e+07	2.100000000000000000e+01
1.850500000000000000e+07	2.100000000000000000e+01
1.851000000000000000e+07	2.100000000000000000e+01
1.851500000000000000e+07	2.100000000000000000e+01
1.852000000000000000e+07	2.100000000000000000e+01
1.852500000000000000e+07	2.100000000000000000e+01
1.853000000000000000e+07	2.100000000000000000e+01
1.853500000000000000e+07	2.100000000000000000e+01
1.854000000000000000e+07	2.100000000000000000e+01
1.854500000000000000e+07	2.100000000000000000e+01
1.855000000000000000e+07	2.100000000000000000e+01
1.855500000000000000e+07	2.100000000000000000e+01
1.856000000000000000e+07	2.100000000000000000e+01
1.856500000000000000e+07	2.100000000000000000e+01
1.857000000000000000e+07	2.100000000000000000e+01
1.857500000000000000e+07	2.100000000000000000e+01
1.858000000000000000e+07	2.100000000000000000e+01
1.858500000000000000e+07	2.100000000000000000e+01
1.859000000000000000e+07	2.100000000000000000e+01
1.859500000000000000e+07	2.100000000000000000e+01
1.860000000000000000e+07	2.100000000000000000e+01
1.860500000000000000e+07	2.100000000000000000e+01
1.861000000000000000e+07	2.100000000000000000e+01
1.861500000000000000e+07	2.100000000000000000e+01
1.862000000000000000e+07	2.100000000000000000e+01
1.862500000000000000e+07	2.100000000000000000e+01
1.863000000000000000e+07	2.100000000000000000e+01
1.863500000000000000e+07	2.100000000000000000e+01
1.864000000000000000e+07	2.100000000000000000e+01
1.864500000000000000e+07	2.100000000000000000e+01
1.865000000000000000e+07	2.100000000000000000e+01
1.865500000000000000e+07	2.100000000000000000e+01
1.866000000000000000e+07	2.100000000000000000e+01
1.866500000000000000e+07	2.100000000000000000e+01
1.867000000000000000e+07	2.100000000000000000e+01
1.867500000000000000e+07	2.100000000000000000e+01
1.868000000000000000e+07	2.100000000000000000e+01
1.868500000000000000e+07	2.100000000000000000e+01
1.869000000000000000e+07	2.100000000000000000e+01
1.869500000000000000e+07	2.100000000000000000e+01
1.870000000000000000e+07	2.100000000000000000e+01
1.870500000000000000e+07	2.100000000000000000e+01
1.871000000000000000e+07	2.100000000000000000e+01
1.871500000000000000e+07	2.100000000000000000e+01
1.872000000000000000e+07	2.100000000000000000e+01
1.872500000000000000e+07	2.100000000000000000e+01
1.873000000000000000e+07	2.100000000000000000e+01
1.873500000000000000e+07	2.100000000000000000e+01
1.874000000000000000e+07	2.100000000000000000e+01
1.874500000000000000e+07	2.100000000000000000e+01
1.875000000000000000e+07	2.100000000000000000e+01
1.875500000000000000e+07	2.100000000000000000e+01
1.876000000000000000e+07	2.100000000000000000e+01
1.876500000000000000e+07	2.100000000000000000e+01
1.877000000000000000e+07	2.100000000000000000e+01
1.877500000000000000e+07	2.100000000000000000e+01
1.878000000000000000e+07	2.100000000000000000e+01
1.878500000000000000e+07	2.100000000000000000e+01
1.879000000000000000e+07	2.100000000000000000e+01
1.879500000000000000e+07	2.100000000000000000e+01
1.880000000000000000e+07	2.100000000000000000e+01
1.880500000000000000e+07	2.100000000000000000e+01
1.881000000000000000e+07	2.100000000000000000e+01
1.881500000000000000e+07	2.100000000000000000e+01
1.882000000000000000e+07	2.100000000000000000e+01
1.882500000000000000e+07	2.100000000000000000e+01
1.883000000000000000e+07	2.100000000000000000e+01
1.883500000000000000e+07	2.100000000000000000e+01
1.884000000000000000e+07	2.100000000000000000e+01
1.884500000000000000e+07	2.100000000000000000e+01
1.885000000000000000e+07	2.100000000000000000e+01
1.885500000000000000e+07	2.100000000000000000e+01
1.886000000000000000e+07	2.100000000000000000e+01
1.886500000000000000e+07	2.100000000000000000e+01
1.887000000000000000e+07	2.100000000000000000e+01
1.887500000000000000e+07	2.100000000000000000e+01
1.888000000000000000e+07	2.100000000000000000e+01
1.888500000000000000e+07	2.100000000000000000e+01
1.889000000000000000e+07	2.100000000000000000e+01
1.889500000000000000e+07	2.100000000000000000e+01
1.890000000000000000e+07	2.100000000000000000e+01
1.890500000000000000e+07	2.100000000000000000e+01
1.891000000000000000e+07	2.100000000000000000e+01
1.891500000000000000e+07	2.100000000000000000e+01
1.892000000000000000e+07	2.100000000000000000e+01
1.892500000000000000e+07	2.100000000000000000e+01
1.893000000000000000e+07	2.100000000000000000e+01
1.893500000000000000e+07	2.100000000000000000e+01
1.894000000000000000e+07	2.100000000000000000e+01
1.894500000000000000e+07	2.100000000000000000e+01
1.895000000000000000e+07	2.100000000000000000e+01
1.895500000000000000e+07	2.100000000000000000e+01
1.896000000000000000e+07	2.100000000000000000e+01
1.896500000000000000e+07	2.100000000000000000e+01
1.897000000000000000e+07	2.100000000000000000e+01
1.897500000000000000e+07	2.100000000000000000e+01
1.898000000000000000e+07	2.100000000000000000e+01
1.898500000000000000e+07	2.100000000000000000e+01
1.899000000000000000e+07	2.100000000000000000e+01
1.899500000000000000e+07	2.100000000000000000e+01
1.900000000000000000e+07	2.100000000000000000e+01
1.900500000000000000e+07	2.100000000000000000e+01
1.901000000000000000e+07	2.100000000000000000e+01
1.901500000000000000e+07	2.100000000000000000e+01
1.902000000000000000e+07	2.100000000000000000e+01
1.902500000000000000e+07	2.100000000000000000e+01
1.903000000000000000e+07	2.100000000000000000e+01
2.196000000000000000e+07	2.100000000000000000e+01
2.269000000000000000e+07	2.100000000000000000e+01
2.269500000000000000e+07	2.100000000000000000e+01
2.270000000000000000e+07	2.100000000000000000e+01
2.270500000000000000e+07	2.100000000000000000e+01
2.271000000000000000e+07	2.100000000000000000e+01
2.271500000000000000e+07	2.100000000000000000e+01
2.272000000000000000e+07	2.100000000000000000e+01
2.272500000000000000e+07	2.100000000000000000e+01
2.273000000000000000e+07	2.100000000000000000e+01
2.273500000000000000e+07	2.100000000000000000e+01
2.274000000000000000e+07	2.100000000000000000e+01
2.274500000000000000e+07	2.100000000000000000e+01
2.275000000000000000e+07	2.100000000000000000e+01
2.275500000000000000e+07	2.100000000000000000e+01
2.276000000000000000e+07	2.100000000000000000e+01
2.276500000000000000e+07	2.100000000000000000e+01
2.277000000000000000e+07	2.100000000000000000e+01
2.277500000000000000e+07	2.100000000000000000e+01
2.278000000000000000e+07	2.100000000000000000e+01
2.279500000000000000e+07	2.100000000000000000e+01
2.280000000000000000e+07	2.100000000000000000e+01
2.280500000000000000e+07	2.100000000000000000e+01
2.281000000000000000e+07	2.100000000000000000e+01
2.281500000000000000e+07	2.100000000000000000e+01
2.282000000000000000e+07	2.100000000000000000e+01
2.282500000000000000e+07	2.100000000000000000e+01
2.283000000000000000e+07	2.100000000000000000e+01
2.283500000000000000e+07	2.100000000000000000e+01
2.284000000000000000e+07	2.100000000000000000e+01
2.284500000000000000e+07	2.100000000000000000e+01
2.285000000000000000e+07	2.100000000000000000e+01
2.285500000000000000e+07	2.100000000000000000e+01
2.286000000000000000e+07	2.100000000000000000e+01
2.286500000000000000e+07	2.100000000000000000e+01
2.287000000000000000e+07	2.100000000000000000e+01
2.287500000000000000e+07	2.100000000000000000e+01
2.288000000000000000e+07	2.100000000000000000e+01
2.288500000000000000e+07	2.100000000000000000e+01
2.289000000000000000e+07	2.100000000000000000e+01
2.289500000000000000e+07	2.100000000000000000e+01
2.290000000000000000e+07	2.100000000000000000e+01
2.290500000000000000e+07	2.100000000000000000e+01
2.291000000000000000e+07	2.100000000000000000e+01
2.291500000000000000e+07	2.100000000000000000e+01
2.292000000000000000e+07	2.100000000000000000e+01
2.292500000000000000e+07	2.100000000000000000e+01
2.293000000000000000e+07	2.100000000000000000e+01
2.293500000000000000e+07	2.100000000000000000e+01
2.294000000000000000e+07	2.100000000000000000e+01
2.294500000000000000e+07	2.100000000000000000e+01
2.295000000000000000e+07	2.100000000000000000e+01
2.295500000000000000e+07	2.100000000000000000e+01
2.296000000000000000e+07	2.100000000000000000e+01
2.296500000000000000e+07	2.100000000000000000e+01
2.297000000000000000e+07	2.100000000000000000e+01
2.297500000000000000e+07	2.100000000000000000e+01
2.298000000000000000e+07	2.100000000000000000e+01
2.298500000000000000e+07	2.100000000000000000e+01
2.299000000000000000e+07	2.100000000000000000e+01
2.299500000000000000e+07	2.100000000000000000e+01
2.300000000000000000e+07	2.100000000000000000e+01
2.300500000000000000e+07	2.100000000000000000e+01
2.301000000000000000e+07	2.100000000000000000e+01
2.301500000000000000e+07	2.100000000000000000e+01
2.302000000000000000e+07	2.100000000000000000e+01
2.302500000000000000e+07	2.100000000000000000e+01
2.303000000000000000e+07	2.100000000000000000e+01
2.303500000000000000e+07	2.100000000000000000e+01
2.304000000000000000e+07	2.100000000000000000e+01
2.304500000000000000e+07	2.100000000000000000e+01
2.305000000000000000e+07	2.100000000000000000e+01
2.305500000000000000e+07	2.100000000000000000e+01
2.306000000000000000e+07	2.100000000000000000e+01
2.306500000000000000e+07	2.100000000000000000e+01
2.307000000000000000e+07	2.100000000000000000e+01
2.307500000000000000e+07	2.100000000000000000e+01
2.308000000000000000e+07	2.100000000000000000e+01
2.308500000000000000e+07	2.100000000000000000e+01
2.309000000000000000e+07	2.100000000000000000e+01
2.309500000000000000e+07	2.100000000000000000e+01
2.310000000000000000e+07	2.100000000000000000e+01
2.310500000000000000e+07	2.100000000000000000e+01
2.311000000000000000e+07	2.100000000000000000e+01
2.311500000000000000e+07	2.100000000000000000e+01
2.312000000000000000e+07	2.100000000000000000e+01
2.312500000000000000e+07	2.100000000000000000e+01
2.313000000000000000e+07	2.100000000000000000e+01
2.313500000000000000e+07	2.100000000000000000e+01
2.314000000000000000e+07	2.100000000000000000e+01
2.314500000000000000e+07	2.100000000000000000e+01
2.315000000000000000e+07	2.100000000000000000e+01
2.315500000000000000e+07	2.100000000000000000e+01
2.316000000000000000e+07	2.100000000000000000e+01
2.316500000000000000e+07	2.100000000000000000e+01
2.317000000000000000e+07	2.100000000000000000e+01
2.317500000000000000e+07	2.100000000000000000e+01
2.318000000000000000e+07	2.100000000000000000e+01
2.318500000000000000e+07	2.100000000000000000e+01
2.319000000000000000e+07	2.100000000000000000e+01
2.319500000000000000e+07	2.100000000000000000e+01
2.320000000000000000e+07	2.100000000000000000e+01
2.320500000000000000e+07	2.100000000000000000e+01
2.321000000000000000e+07	2.100000000000000000e+01
2.321500000000000000e+07	2.100000000000000000e+01
2.322000000000000000e+07	2.100000000000000000e+01
2.322500000000000000e+07	2.100000000000000000e+01
2.323000000000000000e+07	2.100000000000000000e+01
2.323500000000000000e+07	2.100000000000000000e+01
2.324000000000000000e+07	2.100000000000000000e+01
2.324500000000000000e+07	2.100000000000000000e+01
2.325000000000000000e+07	2.100000000000000000e+01
2.325500000000000000e+07	2.100000000000000000e+01
2.326000000000000000e+07	2.100000000000000000e+01
2.326500000000000000e+07	2.100000000000000000e+01
2.327000000000000000e+07	2.100000000000000000e+01
2.327500000000000000e+07	2.100000000000000000e+01
2.328000000000000000e+07	2.100000000000000000e+01
2.328500000000000000e+07	2.100000000000000000e+01
2.329000000000000000e+07	2.100000000000000000e+01
2.329500000000000000e+07	2.100000000000000000e+01
2.330000000000000000e+07	2.100000000000000000e+01
2.330500000000000000e+07	2.100000000000000000e+01
2.331000000000000000e+07	2.100000000000000000e+01
2.331500000000000000e+07	2.100000000000000000e+01
2.332000000000000000e+07	2.100000000000000000e+01
2.332500000000000000e+07	2.100000000000000000e+01
2.333000000000000000e+07	2.100000000000000000e+01
2.333500000000000000e+07	2.100000000000000000e+01
2.334000000000000000e+07	2.100000000000000000e+01
2.334500000000000000e+07	2.100000000000000000e+01
2.335000000000000000e+07	2.100000000000000000e+01
2.335500000000000000e+07	2.100000000000000000e+01
2.336000000000000000e+07	2.100000000000000000e+01
2.336500000000000000e+07	2.100000000000000000e+01
2.337000000000000000e+07	2.100000000000000000e+01
2.337500000000000000e+07	2.100000000000000000e+01
2.338000000000000000e+07	2.100000000000000000e+01
2.338500000000000000e+07	2.100000000000000000e+01
2.339000000000000000e+07	2.100000000000000000e+01
2.339500000000000000e+07	2.100000000000000000e+01
2.340000000000000000e+07	2.100000000000000000e+01
2.340500000000000000e+07	2.100000000000000000e+01
2.341000000000000000e+07	2.100000000000000000e+01
2.341500000000000000e+07	2.100000000000000000e+01
2.342000000000000000e+07	2.100000000000000000e+01
2.342500000000000000e+07	2.100000000000000000e+01
2.343000000000000000e+07	2.100000000000000000e+01
2.343500000000000000e+07	2.100000000000000000e+01
2.344000000000000000e+07	2.100000000000000000e+01
2.344500000000000000e+07	2.100000000000000000e+01
2.345000000000000000e+07	2.100000000000000000e+01
2.345500000000000000e+07	2.100000000000000000e+01
2.346000000000000000e+07	2.100000000000000000e+01
2.346500000000000000e+07	2.100000000000000000e+01
2.347000000000000000e+07	2.100000000000000000e+01
2.347500000000000000e+07	2.100000000000000000e+01
2.348000000000000000e+07	2.100000000000000000e+01
2.348500000000000000e+07	2.100000000000000000e+01
2.349000000000000000e+07	2.100000000000000000e+01
2.349500000000000000e+07	2.100000000000000000e+01
2.350000000000000000e+07	2.100000000000000000e+01
2.350500000000000000e+07	2.100000000000000000e+01
2.351000000000000000e+07	2.100000000000000000e+01
2.351500000000000000e+07	2.100000000000000000e+01
2.352000000000000000e+07	2.100000000000000000e+01
2.352500000000000000e+07	2.100000000000000000e+01
2.353000000000000000e+07	2.100000000000000000e+01
2.353500000000000000e+07	2.100000000000000000e+01
2.354000000000000000e+07	2.100000000000000000e+01
2.354500000000000000e+07	2.100000000000000000e+01
2.355000000000000000e+07	2.100000000000000000e+01
2.355500000000000000e+07	2.100000000000000000e+01
2.356000000000000000e+07	2.100000000000000000e+01
2.356500000000000000e+07	2.100000000000000000e+01
2.357000000000000000e+07	2.100000000000000000e+01
2.357500000000000000e+07	2.100000000000000000e+01
2.358000000000000000e+07	2.100000000000000000e+01
2.358500000000000000e+07	2.100000000000000000e+01
2.359000000000000000e+07	2.100000000000000000e+01
2.359500000000000000e+07	2.100000000000000000e+01
2.360000000000000000e+07	2.100000000000000000e+01
2.360500000000000000e+07	2.100000000000000000e+01
2.361000000000000000e+07	2.100000000000000000e+01
2.361500000000000000e+07	2.100000000000000000e+01
2.362000000000000000e+07	2.100000000000000000e+01
2.362500000000000000e+07	2.100000000000000000e+01
2.363000000000000000e+07	2.100000000000000000e+01
2.363500000000000000e+07	2.100000000000000000e+01
2.364000000000000000e+07	2.100000000000000000e+01
2.364500000000000000e+07	2.100000000000000000e+01
2.365000000000000000e+07	2.100000000000000000e+01
2.365500000000000000e+07	2.100000000000000000e+01
2.366000000000000000e+07	2.100000000000000000e+01
2.366500000000000000e+07	2.100000000000000000e+01
2.367000000000000000e+07	2.100000000000000000e+01
2.367500000000000000e+07	2.100000000000000000e+01
2.368000000000000000e+07	2.100000000000000000e+01
2.368500000000000000e+07	2.100000000000000000e+01
2.369000000000000000e+07	2.100000000000000000e+01
2.369500000000000000e+07	2.100000000000000000e+01
2.370000000000000000e+07	2.100000000000000000e+01
2.370500000000000000e+07	2.100000000000000000e+01
2.371000000000000000e+07	2.100000000000000000e+01
2.371500000000000000e+07	2.100000000000000000e+01
2.372000000000000000e+07	2.100000000000000000e+01
2.372500000000000000e+07	2.100000000000000000e+01
2.373000000000000000e+07	2.100000000000000000e+01
2.373500000000000000e+07	2.100000000000000000e+01
2.374000000000000000e+07	2.100000000000000000e+01
2.374500000000000000e+07	2.100000000000000000e+01
2.375000000000000000e+07	2.100000000000000000e+01
2.375500000000000000e+07	2.100000000000000000e+01
2.376000000000000000e+07	2.100000000000000000e+01
2.551000000000000000e+07	2.100000000000000000e+01
2.553500000000000000e+07	2.100000000000000000e+01
2.560000000000000000e+07	2.100000000000000000e+01
2.560500000000000000e+07	2.100000000000000000e+01
2.561000000000000000e+07	2.100000000000000000e+01
2.561500000000000000e+07	2.100000000000000000e+01
2.562000000000000000e+07	2.100000000000000000e+01
2.562500000000000000e+07	2.100000000000000000e+01
2.563000000000000000e+07	2.100000000000000000e+01
2.563500000000000000e+07	2.100000000000000000e+01
2.564000000000000000e+07	2.100000000000000000e+01
2.564500000000000000e+07	2.100000000000000000e+01
2.565000000000000000e+07	2.100000000000000000e+01
2.565500000000000000e+07	2.100000000000000000e+01
2.566000000000000000e+07	2.100000000000000000e+01
2.566500000000000000e+07	2.100000000000000000e+01
2.567000000000000000e+07	2.100000000000000000e+01
2.567500000000000000e+07	2.100000000000000000e+01
2.568000000000000000e+07	2.100000000000000000e+01
2.568500000000000000e+07	2.100000000000000000e+01
2.569000000000000000e+07	2.100000000000000000e+01
2.569500000000000000e+07	2.100000000000000000e+01
2.570000000000000000e+07	2.100000000000000000e+01
2.570500000000000000e+07	2.100000000000000000e+01
2.571000000000000000e+07	2.100000000000000000e+01
2.571500000000000000e+07	2.100000000000000000e+01
2.572000000000000000e+07	2.100000000000000000e+01
2.572500000000000000e+07	2.100000000000000000e+01
2.573000000000000000e+07	2.100000000000000000e+01
2.573500000000000000e+07	2.100000000000000000e+01
2.574000000000000000e+07	2.100000000000000000e+01
2.574500000000000000e+07	2.100000000000000000e+01
2.575000000000000000e+07	2.100000000000000000e+01
2.575500000000000000e+07	2.100000000000000000e+01
2.576000000000000000e+07	2.100000000000000000e+01
2.576500000000000000e+07	2.100000000000000000e+01
2.577000000000000000e+07	2.100000000000000000e+01
2.577500000000000000e+07	2.100000000000000000e+01
2.578000000000000000e+07	2.100000000000000000e+01
2.578500000000000000e+07	2.100000000000000000e+01
2.579000000000000000e+07	2.100000000000000000e+01
2.579500000000000000e+07	2.100000000000000000e+01
2.580000000000000000e+07	2.100000000000000000e+01
2.580500000000000000e+07	2.100000000000000000e+01
2.581000000000000000e+07	2.100000000000000000e+01
2.581500000000000000e+07	2.100000000000000000e+01
2.582000000000000000e+07	2.100000000000000000e+01
2.582500000000000000e+07	2.100000000000000000e+01
2.583000000000000000e+07	2.100000000000000000e+01
2.583500000000000000e+07	2.100000000000000000e+01
2.584000000000000000e+07	2.100000000000000000e+01
2.584500000000000000e+07	2.100000000000000000e+01
2.585000000000000000e+07	2.100000000000000000e+01
2.585500000000000000e+07	2.100000000000000000e+01
2.586000000000000000e+07	2.100000000000000000e+01
2.586500000000000000e+07	2.100000000000000000e+01
2.587000000000000000e+07	2.100000000000000000e+01
2.587500000000000000e+07	2.100000000000000000e+01
2.588000000000000000e+07	2.100000000000000000e+01
2.588500000000000000e+07	2.100000000000000000e+01
2.589000000000000000e+07	2.100000000000000000e+01
2.589500000000000000e+07	2.100000000000000000e+01
2.590000000000000000e+07	2.100000000000000000e+01
2.590500000000000000e+07	2.100000000000000000e+01
2.591000000000000000e+07	2.100000000000000000e+01
2.591500000000000000e+07	2.100000000000000000e+01
2.592000000000000000e+07	2.100000000000000000e+01
2.592500000000000000e+07	2.100000000000000000e+01
2.593000000000000000e+07	2.100000000000000000e+01
2.593500000000000000e+07	2.100000000000000000e+01
2.594000000000000000e+07	2.100000000000000000e+01
2.594500000000000000e+07	2.100000000000000000e+01
2.595000000000000000e+07	2.100000000000000000e+01
2.595500000000000000e+07	2.100000000000000000e+01
2.596000000000000000e+07	2.100000000000000000e+01
2.596500000000000000e+07	2.100000000000000000e+01
2.597000000000000000e+07	2.100000000000000000e+01
2.597500000000000000e+07	2.100000000000000000e+01
2.598000000000000000e+07	2.100000000000000000e+01
2.598500000000000000e+07	2.100000000000000000e+01
2.599000000000000000e+07	2.100000000000000000e+01
2.599500000000000000e+07	2.100000000000000000e+01
2.600000000000000000e+07	2.100000000000000000e+01
2.600500000000000000e+07	2.100000000000000000e+01
2.601000000000000000e+07	2.100000000000000000e+01
2.601500000000000000e+07	2.100000000000000000e+01
2.602000000000000000e+07	2.100000000000000000e+01
2.602500000000000000e+07	2.100000000000000000e+01
2.603000000000000000e+07	2.100000000000000000e+01
2.603500000000000000e+07	2.100000000000000000e+01
2.604000000000000000e+07	2.100000000000000000e+01
2.604500000000000000e+07	2.100000000000000000e+01
2.605000000000000000e+07	2.100000000000000000e+01
2.606000000000000000e+07	2.100000000000000000e+01
2.606500000000000000e+07	2.100000000000000000e+01
2.607500000000000000e+07	2.100000000000000000e+01
2.608000000000000000e+07	2.100000000000000000e+01
2.608500000000000000e+07	2.100000000000000000e+01
2.609000000000000000e+07	2.100000000000000000e+01
2.609500000000000000e+07	2.100000000000000000e+01
2.610000000000000000e+07	2.100000000000000000e+01
2.610500000000000000e+07	2.100000000000000000e+01
2.611000000000000000e+07	2.100000000000000000e+01
2.611500000000000000e+07	2.100000000000000000e+01
2.612000000000000000e+07	2.100000000000000000e+01
2.612500000000000000e+07	2.100000000000000000e+01
2.613000000000000000e+07	2.100000000000000000e+01
2.613500000000000000e+07	2.100000000000000000e+01
2.614000000000000000e+07	2.100000000000000000e+01
2.614500000000000000e+07	2.100000000000000000e+01
2.615000000000000000e+07	2.100000000000000000e+01
2.615500000000000000e+07	2.100000000000000000e+01
2.616000000000000000e+07	2.100000000000000000e+01
2.616500000000000000e+07	2.100000000000000000e+01
2.617000000000000000e+07	2.100000000000000000e+01
2.617500000000000000e+07	2.100000000000000000e+01
2.618000000000000000e+07	2.100000000000000000e+01
2.618500000000000000e+07	2.100000000000000000e+01
2.619000000000000000e+07	2.100000000000000000e+01
2.619500000000000000e+07	2.100000000000000000e+01
2.620000000000000000e+07	2.100000000000000000e+01
2.620500000000000000e+07	2.100000000000000000e+01
2.621000000000000000e+07	2.100000000000000000e+01
2.621500000000000000e+07	2.100000000000000000e+01
2.622000000000000000e+07	2.100000000000000000e+01
2.622500000000000000e+07	2.100000000000000000e+01
2.623000000000000000e+07	2.100000000000000000e+01
2.623500000000000000e+07	2.100000000000000000e+01
2.624000000000000000e+07	2.100000000000000000e+01
2.624500000000000000e+07	2.100000000000000000e+01
2.625000000000000000e+07	2.100000000000000000e+01
2.625500000000000000e+07	2.100000000000000000e+01
2.626000000000000000e+07	2.100000000000000000e+01
2.626500000000000000e+07	2.100000000000000000e+01
2.627000000000000000e+07	2.100000000000000000e+01
2.627500000000000000e+07	2.100000000000000000e+01
2.628000000000000000e+07	2.100000000000000000e+01
2.628500000000000000e+07	2.100000000000000000e+01
2.629000000000000000e+07	2.100000000000000000e+01
2.631500000000000000e+07	2.100000000000000000e+01
2.632000000000000000e+07	2.100000000000000000e+01
2.632500000000000000e+07	2.100000000000000000e+01
2.633000000000000000e+07	2.100000000000000000e+01
2.633500000000000000e+07	2.100000000000000000e+01
2.634000000000000000e+07	2.100000000000000000e+01
2.634500000000000000e+07	2.100000000000000000e+01
2.635000000000000000e+07	2.100000000000000000e+01
2.635500000000000000e+07	2.100000000000000000e+01
2.636000000000000000e+07	2.100000000000000000e+01
2.636500000000000000e+07	2.100000000000000000e+01
2.637000000000000000e+07	2.100000000000000000e+01
2.637500000000000000e+07	2.100000000000000000e+01
2.638000000000000000e+07	2.100000000000000000e+01
2.638500000000000000e+07	2.100000000000000000e+01
2.639000000000000000e+07	2.100000000000000000e+01
2.639500000000000000e+07	2.100000000000000000e+01
2.640000000000000000e+07	2.100000000000000000e+01
2.640500000000000000e+07	2.100000000000000000e+01
2.641000000000000000e+07	2.100000000000000000e+01
2.641500000000000000e+07	2.100000000000000000e+01
2.642000000000000000e+07	2.100000000000000000e+01
2.642500000000000000e+07	2.100000000000000000e+01
2.643000000000000000e+07	2.100000000000000000e+01
2.643500000000000000e+07	2.100000000000000000e+01
2.644000000000000000e+07	2.100000000000000000e+01
2.644500000000000000e+07	2.100000000000000000e+01
2.645000000000000000e+07	2.100000000000000000e+01
2.645500000000000000e+07	2.100000000000000000e+01
2.646000000000000000e+07	2.100000000000000000e+01
2.646500000000000000e+07	2.100000000000000000e+01
2.647000000000000000e+07	2.100000000000000000e+01
2.647500000000000000e+07	2.100000000000000000e+01
2.648000000000000000e+07	2.100000000000000000e+01
2.648500000000000000e+07	2.100000000000000000e+01
2.649000000000000000e+07	2.100000000000000000e+01
2.649500000000000000e+07	2.100000000000000000e+01
2.650000000000000000e+07	2.100000000000000000e+01
2.650500000000000000e+07	2.100000000000000000e+01
2.651000000000000000e+07	2.100000000000000000e+01
2.651500000000000000e+07	2.100000000000000000e+01
2.652000000000000000e+07	2.100000000000000000e+01
2.652500000000000000e+07	2.100000000000000000e+01
2.653000000000000000e+07	2.100000000000000000e+01
2.653500000000000000e+07	2.100000000000000000e+01
2.654000000000000000e+07	2.100000000000000000e+01
2.654500000000000000e+07	2.100000000000000000e+01
2.655000000000000000e+07	2.100000000000000000e+01
2.655500000000000000e+07	2.100000000000000000e+01
2.656000000000000000e+07	2.100000000000000000e+01
2.656500000000000000e+07	2.100000000000000000e+01
2.657000000000000000e+07	2.100000000000000000e+01
2.657500000000000000e+07	2.100000000000000000e+01
2.658000000000000000e+07	2.100000000000000000e+01
2.658500000000000000e+07	2.100000000000000000e+01
2.659000000000000000e+07	2.100000000000000000e+01
2.659500000000000000e+07	2.100000000000000000e+01
2.660000000000000000e+07	2.100000000000000000e+01
2.660500000000000000e+07	2.100000000000000000e+01
2.661000000000000000e+07	2.100000000000000000e+01
2.661500000000000000e+07	2.100000000000000000e+01
2.662000000000000000e+07	2.100000000000000000e+01
2.662500000000000000e+07	2.100000000000000000e+01
2.663000000000000000e+07	2.100000000000000000e+01
2.663500000000000000e+07	2.100000000000000000e+01
2.664000000000000000e+07	2.100000000000000000e+01
2.664500000000000000e+07	2.100000000000000000e+01
2.665000000000000000e+07	2.100000000000000000e+01
2.665500000000000000e+07	2.100000000000000000e+01
2.666000000000000000e+07	2.100000000000000000e+01
2.666500000000000000e+07	2.100000000000000000e+01
2.667000000000000000e+07	2.100000000000000000e+01
2.667500000000000000e+07	2.100000000000000000e+01
2.668000000000000000e+07	2.100000000000000000e+01
2.668500000000000000e+07	2.100000000000000000e+01
2.669000000000000000e+07	2.100000000000000000e+01
2.669500000000000000e+07	2.100000000000000000e+01
2.670000000000000000e+07	2.100000000000000000e+01
2.670500000000000000e+07	2.100000000000000000e+01
2.671000000000000000e+07	2.100000000000000000e+01
2.671500000000000000e+07	2.100000000000000000e+01
2.672000000000000000e+07	2.100000000000000000e+01
2.672500000000000000e+07	2.100000000000000000e+01
2.673000000000000000e+07	2.100000000000000000e+01
2.673500000000000000e+07	2.100000000000000000e+01
2.674000000000000000e+07	2.100000000000000000e+01
2.674500000000000000e+07	2.100000000000000000e+01
2.675000000000000000e+07	2.100000000000000000e+01
2.675500000000000000e+07	2.100000000000000000e+01
2.676000000000000000e+07	2.100000000000000000e+01
2.676500000000000000e+07	2.100000000000000000e+01
2.677000000000000000e+07	2.100000000000000000e+01
2.677500000000000000e+07	2.100000000000000000e+01
2.678000000000000000e+07	2.100000000000000000e+01
2.678500000000000000e+07	2.100000000000000000e+01
2.679000000000000000e+07	2.100000000000000000e+01
2.679500000000000000e+07	2.100000000000000000e+01
2.680000000000000000e+07	2.100000000000000000e+01
2.680500000000000000e+07	2.100000000000000000e+01
2.681000000000000000e+07	2.100000000000000000e+01
2.681500000000000000e+07	2.100000000000000000e+01
2.687500000000000000e+07	2.100000000000000000e+01
2.688500000000000000e+07	2.100000000000000000e+01
2.689000000000000000e+07	2.100000000000000000e+01
2.690500000000000000e+07	2.100000000000000000e+01
2.691000000000000000e+07	2.100000000000000000e+01
2.691500000000000000e+07	2.100000000000000000e+01
2.692000000000000000e+07	2.100000000000000000e+01
2.692500000000000000e+07	2.100000000000000000e+01
2.693000000000000000e+07	2.100000000000000000e+01
2.693500000000000000e+07	2.100000000000000000e+01
2.694000000000000000e+07	2.100000000000000000e+01
2.694500000000000000e+07	2.100000000000000000e+01
2.695000000000000000e+07	2.100000000000000000e+01
2.695500000000000000e+07	2.100000000000000000e+01
2.696000000000000000e+07	2.100000000000000000e+01
2.696500000000000000e+07	2.100000000000000000e+01
2.697000000000000000e+07	2.100000000000000000e+01
2.697500000000000000e+07	2.100000000000000000e+01
2.698000000000000000e+07	2.100000000000000000e+01
2.698500000000000000e+07	2.100000000000000000e+01
2.699000000000000000e+07	2.100000000000000000e+01
2.699500000000000000e+07	2.100000000000000000e+01
2.700000000000000000e+07	2.100000000000000000e+01
2.700500000000000000e+07	2.100000000000000000e+01
2.701000000000000000e+07	2.100000000000000000e+01
2.701500000000000000e+07	2.100000000000000000e+01
2.702000000000000000e+07	2.100000000000000000e+01
2.702500000000000000e+07	2.100000000000000000e+01
2.703000000000000000e+07	2.100000000000000000e+01
2.703500000000000000e+07	2.100000000000000000e+01
2.704000000000000000e+07	2.100000000000000000e+01
2.704500000000000000e+07	2.100000000000000000e+01
2.705000000000000000e+07	2.100000000000000000e+01
2.705500000000000000e+07	2.100000000000000000e+01
2.706000000000000000e+07	2.100000000000000000e+01
2.706500000000000000e+07	2.100000000000000000e+01
2.707000000000000000e+07	2.100000000000000000e+01
2.707500000000000000e+07	2.100000000000000000e+01
2.708000000000000000e+07	2.100000000000000000e+01
2.708500000000000000e+07	2.100000000000000000e+01
2.709000000000000000e+07	2.100000000000000000e+01
2.709500000000000000e+07	2.100000000000000000e+01
2.710000000000000000e+07	2.100000000000000000e+01
2.710500000000000000e+07	2.100000000000000000e+01
2.711000000000000000e+07	2.100000000000000000e+01
2.711500000000000000e+07	2.100000000000000000e+01
2.712000000000000000e+07	2.100000000000000000e+01
2.712500000000000000e+07	2.100000000000000000e+01
2.713000000000000000e+07	2.100000000000000000e+01
2.713500000000000000e+07	2.100000000000000000e+01
2.714000000000000000e+07	2.100000000000000000e+01
2.714500000000000000e+07	2.100000000000000000e+01
2.715000000000000000e+07	2.100000000000000000e+01
2.715500000000000000e+07	2.100000000000000000e+01
2.716000000000000000e+07	2.100000000000000000e+01
2.716500000000000000e+07	2.100000000000000000e+01
2.717000000000000000e+07	2.100000000000000000e+01
2.717500000000000000e+07	2.100000000000000000e+01
2.718000000000000000e+07	2.100000000000000000e+01
2.718500000000000000e+07	2.100000000000000000e+01
2.719000000000000000e+07	2.100000000000000000e+01
2.719500000000000000e+07	2.100000000000000000e+01
2.720000000000000000e+07	2.100000000000000000e+01
2.720500000000000000e+07	2.100000000000000000e+01
2.721000000000000000e+07	2.100000000000000000e+01
2.721500000000000000e+07	2.100000000000000000e+01
2.722000000000000000e+07	2.100000000000000000e+01
2.722500000000000000e+07	2.100000000000000000e+01
2.723000000000000000e+07	2.100000000000000000e+01
2.723500000000000000e+07	2.100000000000000000e+01
2.724000000000000000e+07	2.100000000000000000e+01
2.724500000000000000e+07	2.100000000000000000e+01
2.725000000000000000e+07	2.100000000000000000e+01
2.725500000000000000e+07	2.100000000000000000e+01
2.726000000000000000e+07	2.100000000000000000e+01
2.726500000000000000e+07	2.100000000000000000e+01
2.727000000000000000e+07	2.100000000000000000e+01
2.727500000000000000e+07	2.100000000000000000e+01
2.728000000000000000e+07	2.100000000000000000e+01
2.728500000000000000e+07	2.100000000000000000e+01
2.729000000000000000e+07	2.100000000000000000e+01
2.729500000000000000e+07	2.100000000000000000e+01
2.730000000000000000e+07	2.100000000000000000e+01
2.730500000000000000e+07	2.100000000000000000e+01
2.731000000000000000e+07	2.100000000000000000e+01
2.731500000000000000e+07	2.100000000000000000e+01
2.732000000000000000e+07	2.100000000000000000e+01
2.732500000000000000e+07	2.100000000000000000e+01
2.733000000000000000e+07	2.100000000000000000e+01
2.733500000000000000e+07	2.100000000000000000e+01
2.734000000000000000e+07	2.100000000000000000e+01
2.734500000000000000e+07	2.100000000000000000e+01
2.735000000000000000e+07	2.100000000000000000e+01
2.735500000000000000e+07	2.100000000000000000e+01
2.736000000000000000e+07	2.100000000000000000e+01
2.736500000000000000e+07	2.100000000000000000e+01
2.737000000000000000e+07	2.100000000000000000e+01
2.737500000000000000e+07	2.100000000000000000e+01
2.738000000000000000e+07	2.100000000000000000e+01
2.738500000000000000e+07	2.100000000000000000e+01
2.739000000000000000e+07	2.100000000000000000e+01
2.739500000000000000e+07	2.100000000000000000e+01
2.740000000000000000e+07	2.100000000000000000e+01
2.740500000000000000e+07	2.100000000000000000e+01
2.741000000000000000e+07	2.100000000000000000e+01
2.741500000000000000e+07	2.100000000000000000e+01
2.742000000000000000e+07	2.100000000000000000e+01
2.742500000000000000e+07	2.100000000000000000e+01
2.743000000000000000e+07	2.100000000000000000e+01
2.743500000000000000e+07	2.100000000000000000e+01
2.744000000000000000e+07	2.100000000000000000e+01
2.744500000000000000e+07	2.100000000000000000e+01
2.745000000000000000e+07	2.100000000000000000e+01
2.745500000000000000e+07	2.100000000000000000e+01
2.746000000000000000e+07	2.100000000000000000e+01
2.746500000000000000e+07	2.100000000000000000e+01
2.747000000000000000e+07	2.100000000000000000e+01
2.747500000000000000e+07	2.100000000000000000e+01
2.748000000000000000e+07	2.100000000000000000e+01
2.748500000000000000e+07	2.100000000000000000e+01
2.749000000000000000e+07	2.100000000000000000e+01
2.749500000000000000e+07	2.100000000000000000e+01
2.750000000000000000e+07	2.100000000000000000e+01
2.750500000000000000e+07	2.100000000000000000e+01
2.751000000000000000e+07	2.100000000000000000e+01
2.751500000000000000e+07	2.100000000000000000e+01
2.752000000000000000e+07	2.100000000000000000e+01
2.752500000000000000e+07	2.100000000000000000e+01
2.753000000000000000e+07	2.100000000000000000e+01
2.753500000000000000e+07	2.100000000000000000e+01
2.754000000000000000e+07	2.100000000000000000e+01
2.754500000000000000e+07	2.100000000000000000e+01
2.755000000000000000e+07	2.100000000000000000e+01
2.755500000000000000e+07	2.100000000000000000e+01
2.756000000000000000e+07	2.100000000000000000e+01
2.756500000000000000e+07	2.100000000000000000e+01
2.757000000000000000e+07	2.100000000000000000e+01
2.758000000000000000e+07	2.100000000000000000e+01
2.759500000000000000e+07	2.100000000000000000e+01
2.760500000000000000e+07	2.100000000000000000e+01
2.761000000000000000e+07	2.100000000000000000e+01
2.761500000000000000e+07	2.100000000000000000e+01
2.762500000000000000e+07	2.100000000000000000e+01
2.763000000000000000e+07	2.100000000000000000e+01
2.763500000000000000e+07	2.100000000000000000e+01
2.765500000000000000e+07	2.100000000000000000e+01
2.766000000000000000e+07	2.100000000000000000e+01
2.766500000000000000e+07	2.100000000000000000e+01
2.767000000000000000e+07	2.100000000000000000e+01
2.767500000000000000e+07	2.100000000000000000e+01
2.768000000000000000e+07	2.100000000000000000e+01
2.768500000000000000e+07	2.100000000000000000e+01
2.769000000000000000e+07	2.100000000000000000e+01
2.769500000000000000e+07	2.100000000000000000e+01
2.770000000000000000e+07	2.100000000000000000e+01
2.770500000000000000e+07	2.100000000000000000e+01
2.771000000000000000e+07	2.100000000000000000e+01
2.771500000000000000e+07	2.100000000000000000e+01
2.772000000000000000e+07	2.100000000000000000e+01
2.772500000000000000e+07	2.100000000000000000e+01
2.773000000000000000e+07	2.100000000000000000e+01
2.773500000000000000e+07	2.100000000000000000e+01
2.774000000000000000e+07	2.100000000000000000e+01
2.774500000000000000e+07	2.100000000000000000e+01
2.775000000000000000e+07	2.100000000000000000e+01
2.775500000000000000e+07	2.100000000000000000e+01
2.776000000000000000e+07	2.100000000000000000e+01
2.776500000000000000e+07	2.100000000000000000e+01
2.777000000000000000e+07	2.100000000000000000e+01
2.777500000000000000e+07	2.100000000000000000e+01
2.778000000000000000e+07	2.100000000000000000e+01
2.778500000000000000e+07	2.100000000000000000e+01
2.779000000000000000e+07	2.100000000000000000e+01
2.779500000000000000e+07	2.100000000000000000e+01
2.780000000000000000e+07	2.100000000000000000e+01
2.780500000000000000e+07	2.100000000000000000e+01
2.781000000000000000e+07	2.100000000000000000e+01
2.781500000000000000e+07	2.100000000000000000e+01
2.782000000000000000e+07	2.100000000000000000e+01
2.782500000000000000e+07	2.100000000000000000e+01
2.783000000000000000e+07	2.100000000000000000e+01
2.783500000000000000e+07	2.100000000000000000e+01
2.784000000000000000e+07	2.100000000000000000e+01
2.784500000000000000e+07	2.100000000000000000e+01
2.785000000000000000e+07	2.100000000000000000e+01
2.785500000000000000e+07	2.100000000000000000e+01
2.786000000000000000e+07	2.100000000000000000e+01
2.786500000000000000e+07	2.100000000000000000e+01
2.787000000000000000e+07	2.100000000000000000e+01
2.787500000000000000e+07	2.100000000000000000e+01
2.788000000000000000e+07	2.100000000000000000e+01
2.788500000000000000e+07	2.100000000000000000e+01
2.789000000000000000e+07	2.100000000000000000e+01
2.789500000000000000e+07	2.100000000000000000e+01
2.790000000000000000e+07	2.100000000000000000e+01
2.790500000000000000e+07	2.100000000000000000e+01
2.791000000000000000e+07	2.100000000000000000e+01
2.791500000000000000e+07	2.100000000000000000e+01
2.792000000000000000e+07	2.100000000000000000e+01
2.792500000000000000e+07	2.100000000000000000e+01
2.793000000000000000e+07	2.100000000000000000e+01
2.793500000000000000e+07	2.100000000000000000e+01
2.794000000000000000e+07	2.100000000000000000e+01
2.794500000000000000e+07	2.100000000000000000e+01
2.795000000000000000e+07	2.100000000000000000e+01
2.795500000000000000e+07	2.100000000000000000e+01
2.796000000000000000e+07	2.100000000000000000e+01
2.796500000000000000e+07	2.100000000000000000e+01
2.797000000000000000e+07	2.100000000000000000e+01
2.797500000000000000e+07	2.100000000000000000e+01
2.798000000000000000e+07	2.100000000000000000e+01
2.798500000000000000e+07	2.100000000000000000e+01
2.799000000000000000e+07	2.100000000000000000e+01
2.799500000000000000e+07	2.100000000000000000e+01
2.800000000000000000e+07	2.100000000000000000e+01
2.800500000000000000e+07	2.100000000000000000e+01
2.801000000000000000e+07	2.100000000000000000e+01
2.801500000000000000e+07	2.100000000000000000e+01
2.802000000000000000e+07	2.100000000000000000e+01
2.802500000000000000e+07	2.100000000000000000e+01
2.803000000000000000e+07	2.100000000000000000e+01
2.803500000000000000e+07	2.100000000000000000e+01
2.804000000000000000e+07	2.100000000000000000e+01
2.804500000000000000e+07	2.100000000000000000e+01
2.805000000000000000e+07	2.100000000000000000e+01
2.805500000000000000e+07	2.100000000000000000e+01
2.806500000000000000e+07	2.100000000000000000e+01
2.807000000000000000e+07	2.100000000000000000e+01
2.807500000000000000e+07	2.100000000000000000e+01
2.808000000000000000e+07	2.100000000000000000e+01
2.808500000000000000e+07	2.100000000000000000e+01
2.809000000000000000e+07	2.100000000000000000e+01
2.809500000000000000e+07	2.100000000000000000e+01
2.810000000000000000e+07	2.100000000000000000e+01
2.810500000000000000e+07	2.100000000000000000e+01
2.811000000000000000e+07	2.100000000000000000e+01
2.811500000000000000e+07	2.100000000000000000e+01
2.812000000000000000e+07	2.100000000000000000e+01
2.812500000000000000e+07	2.100000000000000000e+01
2.813000000000000000e+07	2.100000000000000000e+01
2.813500000000000000e+07	2.100000000000000000e+01
2.814000000000000000e+07	2.100000000000000000e+01
2.814500000000000000e+07	2.100000000000000000e+01
2.815000000000000000e+07	2.100000000000000000e+01
2.815500000000000000e+07	2.100000000000000000e+01
2.816000000000000000e+07	2.100000000000000000e+01
2.816500000000000000e+07	2.100000000000000000e+01
2.817000000000000000e+07	2.100000000000000000e+01
2.817500000000000000e+07	2.100000000000000000e+01
2.818000000000000000e+07	2.100000000000000000e+01
2.818500000000000000e+07	2.100000000000000000e+01
2.819000000000000000e+07	2.100000000000000000e+01
2.819500000000000000e+07	2.100000000000000000e+01
2.820000000000000000e+07	2.100000000000000000e+01
2.820500000000000000e+07	2.100000000000000000e+01
2.821000000000000000e+07	2.100000000000000000e+01
2.821500000000000000e+07	2.100000000000000000e+01
2.822000000000000000e+07	2.100000000000000000e+01
2.822500000000000000e+07	2.100000000000000000e+01
2.823000000000000000e+07	2.100000000000000000e+01
2.823500000000000000e+07	2.100000000000000000e+01
2.824000000000000000e+07	2.100000000000000000e+01
2.824500000000000000e+07	2.100000000000000000e+01
2.825000000000000000e+07	2.100000000000000000e+01
2.825500000000000000e+07	2.100000000000000000e+01
2.826000000000000000e+07	2.100000000000000000e+01
2.826500000000000000e+07	2.100000000000000000e+01
2.827000000000000000e+07	2.100000000000000000e+01
2.827500000000000000e+07	2.100000000000000000e+01
2.828000000000000000e+07	2.100000000000000000e+01
2.828500000000000000e+07	2.100000000000000000e+01
2.829000000000000000e+07	2.100000000000000000e+01
2.829500000000000000e+07	2.100000000000000000e+01
2.830000000000000000e+07	2.100000000000000000e+01
2.830500000000000000e+07	2.100000000000000000e+01
2.831000000000000000e+07	2.100000000000000000e+01
2.831500000000000000e+07	2.100000000000000000e+01
2.832000000000000000e+07	2.100000000000000000e+01
2.832500000000000000e+07	2.100000000000000000e+01
2.833000000000000000e+07	2.100000000000000000e+01
2.833500000000000000e+07	2.100000000000000000e+01
2.834000000000000000e+07	2.100000000000000000e+01
2.834500000000000000e+07	2.100000000000000000e+01
2.835000000000000000e+07	2.100000000000000000e+01
2.835500000000000000e+07	2.100000000000000000e+01
2.836000000000000000e+07	2.100000000000000000e+01
2.836500000000000000e+07	2.100000000000000000e+01
2.837000000000000000e+07	2.100000000000000000e+01
2.837500000000000000e+07	2.100000000000000000e+01
2.838000000000000000e+07	2.100000000000000000e+01
2.838500000000000000e+07	2.100000000000000000e+01
2.839000000000000000e+07	2.100000000000000000e+01
2.839500000000000000e+07	2.100000000000000000e+01
2.840000000000000000e+07	2.100000000000000000e+01
2.840500000000000000e+07	2.100000000000000000e+01
2.841000000000000000e+07	2.100000000000000000e+01
2.841500000000000000e+07	2.100000000000000000e+01
2.842000000000000000e+07	2.100000000000000000e+01
2.842500000000000000e+07	2.100000000000000000e+01
2.843000000000000000e+07	2.100000000000000000e+01
2.843500000000000000e+07	2.100000000000000000e+01
2.844000000000000000e+07	2.100000000000000000e+01
2.844500000000000000e+07	2.100000000000000000e+01
2.845000000000000000e+07	2.100000000000000000e+01
2.845500000000000000e+07	2.100000000000000000e+01
2.846000000000000000e+07	2.100000000000000000e+01
2.846500000000000000e+07	2.100000000000000000e+01
2.847000000000000000e+07	2.100000000000000000e+01
2.847500000000000000e+07	2.100000000000000000e+01
2.848000000000000000e+07	2.100000000000000000e+01
2.848500000000000000e+07	2.100000000000000000e+01
2.849000000000000000e+07	2.100000000000000000e+01
2.849500000000000000e+07	2.100000000000000000e+01
2.850000000000000000e+07	2.100000000000000000e+01
2.850500000000000000e+07	2.100000000000000000e+01
2.851000000000000000e+07	2.100000000000000000e+01
2.851500000000000000e+07	2.100000000000000000e+01
2.852000000000000000e+07	2.100000000000000000e+01
2.852500000000000000e+07	2.100000000000000000e+01
2.853000000000000000e+07	2.100000000000000000e+01
2.853500000000000000e+07	2.100000000000000000e+01
2.854000000000000000e+07	2.100000000000000000e+01
2.854500000000000000e+07	2.100000000000000000e+01
2.855000000000000000e+07	2.100000000000000000e+01
2.855500000000000000e+07	2.100000000000000000e+01
2.856000000000000000e+07	2.100000000000000000e+01
2.856500000000000000e+07	2.100000000000000000e+01
2.857000000000000000e+07	2.100000000000000000e+01
2.857500000000000000e+07	2.100000000000000000e+01
2.858000000000000000e+07	2.100000000000000000e+01
2.858500000000000000e+07	2.100000000000000000e+01
2.859000000000000000e+07	2.100000000000000000e+01
2.859500000000000000e+07	2.100000000000000000e+01
2.860000000000000000e+07	2.100000000000000000e+01
2.860500000000000000e+07	2.100000000000000000e+01
2.861000000000000000e+07	2.100000000000000000e+01
2.861500000000000000e+07	2.100000000000000000e+01
2.862000000000000000e+07	2.100000000000000000e+01
2.862500000000000000e+07	2.100000000000000000e+01
2.863000000000000000e+07	2.100000000000000000e+01
2.863500000000000000e+07	2.100000000000000000e+01
2.867500000000000000e+07	2.100000000000000000e+01
2.868000000000000000e+07	2.100000000000000000e+01
2.868500000000000000e+07	2.100000000000000000e+01
2.869000000000000000e+07	2.100000000000000000e+01
2.969000000000000000e+07	2.100000000000000000e+01
2.969500000000000000e+07	2.100000000000000000e+01
2.970000000000000000e+07	2.100000000000000000e+01
2.970500000000000000e+07	2.100000000000000000e+01
2.971000000000000000e+07	2.100000000000000000e+01
2.971500000000000000e+07	2.100000000000000000e+01
2.972000000000000000e+07	2.100000000000000000e+01
2.972500000000000000e+07	2.100000000000000000e+01
2.973000000000000000e+07	2.100000000000000000e+01
2.973500000000000000e+07	2.100000000000000000e+01
2.974000000000000000e+07	2.100000000000000000e+01
2.974500000000000000e+07	2.100000000000000000e+01
2.975000000000000000e+07	2.100000000000000000e+01
2.975500000000000000e+07	2.100000000000000000e+01
2.976000000000000000e+07	2.100000000000000000e+01
2.976500000000000000e+07	2.100000000000000000e+01
2.977000000000000000e+07	2.100000000000000000e+01
2.977500000000000000e+07	2.100000000000000000e+01
2.978000000000000000e+07	2.100000000000000000e+01
2.978500000000000000e+07	2.100000000000000000e+01
2.979000000000000000e+07	2.100000000000000000e+01
2.979500000000000000e+07	2.100000000000000000e+01
2.980000000000000000e+07	2.100000000000000000e+01
2.980500000000000000e+07	2.100000000000000000e+01
2.981000000000000000e+07	2.100000000000000000e+01
2.981500000000000000e+07	2.100000000000000000e+01
2.982000000000000000e+07	2.100000000000000000e+01
2.982500000000000000e+07	2.100000000000000000e+01
2.983000000000000000e+07	2.100000000000000000e+01
2.983500000000000000e+07	2.100000000000000000e+01
2.984000000000000000e+07	2.100000000000000000e+01
2.984500000000000000e+07	2.100000000000000000e+01
2.985000000000000000e+07	2.100000000000000000e+01
2.985500000000000000e+07	2.100000000000000000e+01
2.986000000000000000e+07	2.100000000000000000e+01
2.986500000000000000e+07	2.100000000000000000e+01
2.987000000000000000e+07	2.100000000000000000e+01
2.987500000000000000e+07	2.100000000000000000e+01
2.988000000000000000e+07	2.100000000000000000e+01
2.988500000000000000e+07	2.100000000000000000e+01
2.989500000000000000e+07	2.100000000000000000e+01
2.991000000000000000e+07	2.100000000000000000e+01
2.993000000000000000e+07	2.100000000000000000e+01
2.993500000000000000e+07	2.100000000000000000e+01
2.994000000000000000e+07	2.100000000000000000e+01
2.994500000000000000e+07	2.100000000000000000e+01
2.995000000000000000e+07	2.100000000000000000e+01
2.995500000000000000e+07	2.100000000000000000e+01
2.996000000000000000e+07	2.100000000000000000e+01
2.996500000000000000e+07	2.100000000000000000e+01
2.997000000000000000e+07	2.100000000000000000e+01
2.997500000000000000e+07	2.100000000000000000e+01
2.998000000000000000e+07	2.100000000000000000e+01
2.998500000000000000e+07	2.100000000000000000e+01
2.999000000000000000e+07	2.100000000000000000e+01
2.999500000000000000e+07	2.100000000000000000e+01
3.000000000000000000e+07	2.100000000000000000e+01
