7.990000000000000000e+06	1.400000000000000000e+01
1.440500000000000000e+07	1.400000000000000000e+01
1.441000000000000000e+07	1.400000000000000000e+01
1.441500000000000000e+07	1.400000000000000000e+01
1.442000000000000000e+07	1.400000000000000000e+01
1.442500000000000000e+07	1.400000000000000000e+01
1.443500000000000000e+07	1.400000000000000000e+01
1.445000000000000000e+07	1.400000000000000000e+01
1.445500000000000000e+07	1.400000000000000000e+01
1.446000000000000000e+07	1.400000000000000000e+01
1.446500000000000000e+07	1.400000000000000000e+01
1.447000000000000000e+07	1.400000000000000000e+01
1.447500000000000000e+07	1.400000000000000000e+01
1.448000000000000000e+07	1.400000000000000000e+01
1.448500000000000000e+07	1.400000000000000000e+01
1.449000000000000000e+07	1.400000000000000000e+01
1.449500000000000000e+07	1.400000000000000000e+01
1.450000000000000000e+07	1.400000000000000000e+01
1.450500000000000000e+07	1.400000000000000000e+01
1.451000000000000000e+07	1.400000000000000000e+01
1.451500000000000000e+07	1.400000000000000000e+01
1.452000000000000000e+07	1.400000000000000000e+01
1.452500000000000000e+07	1.400000000000000000e+01
1.453000000000000000e+07	1.400000000000000000e+01
1.453500000000000000e+07	1.400000000000000000e+01
1.454000000000000000e+07	1.400000000000000000e+01
1.454500000000000000e+07	1.400000000000000000e+01
1.455000000000000000e+07	1.400000000000000000e+01
1.455500000000000000e+07	1.400000000000000000e+01
1.456000000000000000e+07	1.400000000000000000e+01
1.456500000000000000e+07	1.400000000000000000e+01
1.457000000000000000e+07	1.400000000000000000e+01
1.457500000000000000e+07	1.400000000000000000e+01
1.458000000000000000e+07	1.400000000000000000e+01
1.458500000000000000e+07	1.400000000000000000e+01
1.459000000000000000e+07	1.400000000000000000e+01
1.459500000000000000e+07	1.400000000000000000e+01
1.460000000000000000e+07	1.400000000000000000e+01
1.460500000000000000e+07	1.400000000000000000e+01
1.461000000000000000e+07	1.400000000000000000e+01
1.461500000000000000e+07	1.400000000000000000e+01
1.462000000000000000e+07	1.400000000000000000e+01
1.462500000000000000e+07	1.400000000000000000e+01
1.463000000000000000e+07	1.400000000000000000e+01
1.463500000000000000e+07	1.400000000000000000e+01
1.464000000000000000e+07	1.400000000000000000e+01
1.464500000000000000e+07	1.400000000000000000e+01
1.465000000000000000e+07	1.400000000000000000e+01
1.465500000000000000e+07	1.400000000000000000e+01
1.466000000000000000e+07	1.400000000000000000e+01
1.466500000000000000e+07	1.400000000000000000e+01
1.467000000000000000e+07	1.400000000000000000e+01
1.467500000000000000e+07	1.400000000000000000e+01
1.468000000000000000e+07	1.400000000000000000e+01
1.468500000000000000e+07	1.400000000000000000e+01
1.469000000000000000e+07	1.400000000000000000e+01
1.469500000000000000e+07	1.400000000000000000e+01
1.470000000000000000e+07	1.400000000000000000e+01
1.470500000000000000e+07	1.400000000000000000e+01
1.471000000000000000e+07	1.400000000000000000e+01
1.471500000000000000e+07	1.400000000000000000e+01
1.472000000000000000e+07	1.400000000000000000e+01
1.472500000000000000e+07	1.400000000000000000e+01
1.473000000000000000e+07	1.400000000000000000e+01
1.473500000000000000e+07	1.400000000000000000e+01
1.474000000000000000e+07	1.400000000000000000e+01
1.474500000000000000e+07	1.400000000000000000e+01
1.475000000000000000e+07	1.400000000000000000e+01
1.475500000000000000e+07	1.400000000000000000e+01
1.476000000000000000e+07	1.400000000000000000e+01
1.476500000000000000e+07	1.400000000000000000e+01
1.477000000000000000e+07	1.400000000000000000e+01
1.477500000000000000e+07	1.400000000000000000e+01
1.478000000000000000e+07	1.400000000000000000e+01
1.478500000000000000e+07	1.400000000000000000e+01
1.479000000000000000e+07	1.400000000000000000e+01
1.479500000000000000e+07	1.400000000000000000e+01
1.480000000000000000e+07	1.400000000000000000e+01
1.480500000000000000e+07	1.400000000000000000e+01
1.481000000000000000e+07	1.400000000000000000e+01
1.481500000000000000e+07	1.400000000000000000e+01
1.482000000000000000e+07	1.400000000000000000e+01
1.482500000000000000e+07	1.400000000000000000e+01
1.483000000000000000e+07	1.400000000000000000e+01
1.483500000000000000e+07	1.400000000000000000e+01
1.484000000000000000e+07	1.400000000000000000e+01
1.484500000000000000e+07	1.400000000000000000e+01
1.485000000000000000e+07	1.400000000000000000e+01
1.485500000000000000e+07	1.400000000000000000e+01
1.486000000000000000e+07	1.400000000000000000e+01
1.486500000000000000e+07	1.400000000000000000e+01
1.487000000000000000e+07	1.400000000000000000e+01
1.487500000000000000e+07	1.400000000000000000e+01
1.488000000000000000e+07	1.400000000000000000e+01
1.488500000000000000e+07	1.400000000000000000e+01
1.489000000000000000e+07	1.400000000000000000e+01
1.489500000000000000e+07	1.400000000000000000e+01
1.490000000000000000e+07	1.400000000000000000e+01
1.490500000000000000e+07	1.400000000000000000e+01
1.491000000000000000e+07	1.400000000000000000e+01
1.491500000000000000e+07	1.400000000000000000e+01
1.492000000000000000e+07	1.400000000000000000e+01
1.492500000000000000e+07	1.400000000000000000e+01
1.493000000000000000e+07	1.400000000000000000e+01
1.493500000000000000e+07	1.400000000000000000e+01
1.494500000000000000e+07	1.400000000000000000e+01
1.495000000000000000e+07	1.400000000000000000e+01
1.495500000000000000e+07	1.400000000000000000e+01
1.496000000000000000e+07	1.400000000000000000e+01
1.496500000000000000e+07	1.400000000000000000e+01
1.497000000000000000e+07	1.400000000000000000e+01
1.497500000000000000e+07	1.400000000000000000e+01
1.498000000000000000e+07	1.400000000000000000e+01
1.498500000000000000e+07	1.400000000000000000e+01
1.499000000000000000e+07	1.400000000000000000e+01
1.499500000000000000e+07	1.400000000000000000e+01
1.500000000000000000e+07	1.400000000000000000e+01
1.500500000000000000e+07	1.400000000000000000e+01
1.501000000000000000e+07	1.400000000000000000e+01
1.501500000000000000e+07	1.400000000000000000e+01
1.502000000000000000e+07	1.400000000000000000e+01
1.520500000000000000e+07	1.400000000000000000e+01
1.521000000000000000e+07	1.400000000000000000e+01
1.521500000000000000e+07	1.400000000000000000e+01
1.522000000000000000e+07	1.400000000000000000e+01
1.522500000000000000e+07	1.400000000000000000e+01
1.523000000000000000e+07	1.400000000000000000e+01
1.523500000000000000e+07	1.400000000000000000e+01
1.524000000000000000e+07	1.400000000000000000e+01
1.530000000000000000e+07	1.400000000000000000e+01
1.538500000000000000e+07	1.400000000000000000e+01
1.545000000000000000e+07	1.400000000000000000e+01
1.546000000000000000e+07	1.400000000000000000e+01
1.546500000000000000e+07	1.400000000000000000e+01
1.547000000000000000e+07	1.400000000000000000e+01
1.548000000000000000e+07	1.400000000000000000e+01
1.548500000000000000e+07	1.400000000000000000e+01
1.549500000000000000e+07	1.400000000000000000e+01
1.550500000000000000e+07	1.400000000000000000e+01
1.551000000000000000e+07	1.400000000000000000e+01
1.551500000000000000e+07	1.400000000000000000e+01
1.552500000000000000e+07	1.400000000000000000e+01
1.556500000000000000e+07	1.400000000000000000e+01
1.557000000000000000e+07	1.400000000000000000e+01
1.557500000000000000e+07	1.400000000000000000e+01
1.558000000000000000e+07	1.400000000000000000e+01
1.558500000000000000e+07	1.400000000000000000e+01
1.559000000000000000e+07	1.400000000000000000e+01
1.559500000000000000e+07	1.400000000000000000e+01
1.560000000000000000e+07	1.400000000000000000e+01
1.560500000000000000e+07	1.400000000000000000e+01
1.561000000000000000e+07	1.400000000000000000e+01
1.561500000000000000e+07	1.400000000000000000e+01
1.562000000000000000e+07	1.400000000000000000e+01
1.562500000000000000e+07	1.400000000000000000e+01
1.563000000000000000e+07	1.400000000000000000e+01
1.563500000000000000e+07	1.400000000000000000e+01
1.564000000000000000e+07	1.400000000000000000e+01
1.564500000000000000e+07	1.400000000000000000e+01
1.565000000000000000e+07	1.400000000000000000e+01
1.565500000000000000e+07	1.400000000000000000e+01
1.566000000000000000e+07	1.400000000000000000e+01
1.566500000000000000e+07	1.400000000000000000e+01
1.567000000000000000e+07	1.400000000000000000e+01
1.567500000000000000e+07	1.400000000000000000e+01
1.568000000000000000e+07	1.400000000000000000e+01
1.568500000000000000e+07	1.400000000000000000e+01
1.569000000000000000e+07	1.400000000000000000e+01
1.569500000000000000e+07	1.400000000000000000e+01
1.570000000000000000e+07	1.400000000000000000e+01
1.570500000000000000e+07	1.400000000000000000e+01
1.571000000000000000e+07	1.400000000000000000e+01
1.571500000000000000e+07	1.400000000000000000e+01
1.572000000000000000e+07	1.400000000000000000e+01
1.572500000000000000e+07	1.400000000000000000e+01
1.573000000000000000e+07	1.400000000000000000e+01
1.573500000000000000e+07	1.400000000000000000e+01
1.574000000000000000e+07	1.400000000000000000e+01
1.574500000000000000e+07	1.400000000000000000e+01
1.575000000000000000e+07	1.400000000000000000e+01
1.575500000000000000e+07	1.400000000000000000e+01
1.576000000000000000e+07	1.400000000000000000e+01
1.576500000000000000e+07	1.400000000000000000e+01
1.577000000000000000e+07	1.400000000000000000e+01
1.577500000000000000e+07	1.400000000000000000e+01
1.578000000000000000e+07	1.400000000000000000e+01
1.578500000000000000e+07	1.400000000000000000e+01
1.579000000000000000e+07	1.400000000000000000e+01
1.579500000000000000e+07	1.400000000000000000e+01
1.580000000000000000e+07	1.400000000000000000e+01
1.580500000000000000e+07	1.400000000000000000e+01
1.581000000000000000e+07	1.400000000000000000e+01
1.581500000000000000e+07	1.400000000000000000e+01
1.582000000000000000e+07	1.400000000000000000e+01
1.582500000000000000e+07	1.400000000000000000e+01
1.583000000000000000e+07	1.400000000000000000e+01
1.583500000000000000e+07	1.400000000000000000e+01
1.584000000000000000e+07	1.400000000000000000e+01
1.584500000000000000e+07	1.400000000000000000e+01
1.585000000000000000e+07	1.400000000000000000e+01
1.585500000000000000e+07	1.400000000000000000e+01
1.586000000000000000e+07	1.400000000000000000e+01
1.586500000000000000e+07	1.400000000000000000e+01
1.587000000000000000e+07	1.400000000000000000e+01
1.587500000000000000e+07	1.400000000000000000e+01
1.588000000000000000e+07	1.400000000000000000e+01
1.588500000000000000e+07	1.400000000000000000e+01
1.589000000000000000e+07	1.400000000000000000e+01
1.589500000000000000e+07	1.400000000000000000e+01
1.590000000000000000e+07	1.400000000000000000e+01
1.590500000000000000e+07	1.400000000000000000e+01
1.591000000000000000e+07	1.400000000000000000e+01
1.591500000000000000e+07	1.400000000000000000e+01
1.592000000000000000e+07	1.400000000000000000e+01
1.592500000000000000e+07	1.400000000000000000e+01
1.593000000000000000e+07	1.400000000000000000e+01
1.593500000000000000e+07	1.400000000000000000e+01
1.594000000000000000e+07	1.400000000000000000e+01
1.594500000000000000e+07	1.400000000000000000e+01
1.595000000000000000e+07	1.400000000000000000e+01
1.595500000000000000e+07	1.400000000000000000e+01
1.596000000000000000e+07	1.400000000000000000e+01
1.596500000000000000e+07	1.400000000000000000e+01
1.597000000000000000e+07	1.400000000000000000e+01
1.597500000000000000e+07	1.400000000000000000e+01
1.598000000000000000e+07	1.400000000000000000e+01
1.598500000000000000e+07	1.400000000000000000e+01
1.599000000000000000e+07	1.400000000000000000e+01
1.599500000000000000e+07	1.400000000000000000e+01
1.600000000000000000e+07	1.400000000000000000e+01
1.600500000000000000e+07	1.400000000000000000e+01
1.601000000000000000e+07	1.400000000000000000e+01
1.601500000000000000e+07	1.400000000000000000e+01
1.602000000000000000e+07	1.400000000000000000e+01
1.602500000000000000e+07	1.400000000000000000e+01
1.603000000000000000e+07	1.400000000000000000e+01
1.603500000000000000e+07	1.400000000000000000e+01
1.604000000000000000e+07	1.400000000000000000e+01
1.604500000000000000e+07	1.400000000000000000e+01
1.605000000000000000e+07	1.400000000000000000e+01
1.605500000000000000e+07	1.400000000000000000e+01
1.606000000000000000e+07	1.400000000000000000e+01
1.606500000000000000e+07	1.400000000000000000e+01
1.607000000000000000e+07	1.400000000000000000e+01
1.607500000000000000e+07	1.400000000000000000e+01
1.608000000000000000e+07	1.400000000000000000e+01
1.608500000000000000e+07	1.400000000000000000e+01
1.609000000000000000e+07	1.400000000000000000e+01
1.609500000000000000e+07	1.400000000000000000e+01
1.610000000000000000e+07	1.400000000000000000e+01
1.610500000000000000e+07	1.400000000000000000e+01
1.611000000000000000e+07	1.400000000000000000e+01
1.611500000000000000e+07	1.400000000000000000e+01
1.612000000000000000e+07	1.400000000000000000e+01
1.612500000000000000e+07	1.400000000000000000e+01
1.613000000000000000e+07	1.400000000000000000e+01
1.613500000000000000e+07	1.400000000000000000e+01
1.614000000000000000e+07	1.400000000000000000e+01
1.614500000000000000e+07	1.400000000000000000e+01
1.615000000000000000e+07	1.400000000000000000e+01
1.615500000000000000e+07	1.400000000000000000e+01
1.616000000000000000e+07	1.400000000000000000e+01
1.616500000000000000e+07	1.400000000000000000e+01
1.617000000000000000e+07	1.400000000000000000e+01
1.617500000000000000e+07	1.400000000000000000e+01
1.618000000000000000e+07	1.400000000000000000e+01
1.618500000000000000e+07	1.400000000000000000e+01
1.619000000000000000e+07	1.400000000000000000e+01
1.619500000000000000e+07	1.400000000000000000e+01
1.620000000000000000e+07	1.400000000000000000e+01
1.620500000000000000e+07	1.400000000000000000e+01
1.621000000000000000e+07	1.400000000000000000e+01
1.621500000000000000e+07	1.400000000000000000e+01
1.622000000000000000e+07	1.400000000000000000e+01
1.622500000000000000e+07	1.400000000000000000e+01
1.623000000000000000e+07	1.400000000000000000e+01
1.623500000000000000e+07	1.400000000000000000e+01
1.624000000000000000e+07	1.400000000000000000e+01
1.624500000000000000e+07	1.400000000000000000e+01
1.625000000000000000e+07	1.400000000000000000e+01
1.625500000000000000e+07	1.400000000000000000e+01
1.626000000000000000e+07	1.400000000000000000e+01
1.626500000000000000e+07	1.400000000000000000e+01
1.627000000000000000e+07	1.400000000000000000e+01
1.627500000000000000e+07	1.400000000000000000e+01
1.628000000000000000e+07	1.400000000000000000e+01
1.628500000000000000e+07	1.400000000000000000e+01
1.629000000000000000e+07	1.400000000000000000e+01
1.629500000000000000e+07	1.400000000000000000e+01
1.630000000000000000e+07	1.400000000000000000e+01
1.630500000000000000e+07	1.400000000000000000e+01
1.631000000000000000e+07	1.400000000000000000e+01
1.631500000000000000e+07	1.400000000000000000e+01
1.632000000000000000e+07	1.400000000000000000e+01
1.632500000000000000e+07	1.400000000000000000e+01
1.633000000000000000e+07	1.400000000000000000e+01
1.633500000000000000e+07	1.400000000000000000e+01
1.634000000000000000e+07	1.400000000000000000e+01
1.634500000000000000e+07	1.400000000000000000e+01
1.635000000000000000e+07	1.400000000000000000e+01
1.635500000000000000e+07	1.400000000000000000e+01
1.636000000000000000e+07	1.400000000000000000e+01
1.636500000000000000e+07	1.400000000000000000e+01
1.637000000000000000e+07	1.400000000000000000e+01
1.637500000000000000e+07	1.400000000000000000e+01
1.638000000000000000e+07	1.400000000000000000e+01
1.638500000000000000e+07	1.400000000000000000e+01
1.639000000000000000e+07	1.400000000000000000e+01
1.639500000000000000e+07	1.400000000000000000e+01
1.640000000000000000e+07	1.400000000000000000e+01
1.640500000000000000e+07	1.400000000000000000e+01
1.641000000000000000e+07	1.400000000000000000e+01
1.641500000000000000e+07	1.400000000000000000e+01
1.642000000000000000e+07	1.400000000000000000e+01
1.642500000000000000e+07	1.400000000000000000e+01
1.643000000000000000e+07	1.400000000000000000e+01
1.643500000000000000e+07	1.400000000000000000e+01
1.644000000000000000e+07	1.400000000000000000e+01
1.644500000000000000e+07	1.400000000000000000e+01
1.645000000000000000e+07	1.400000000000000000e+01
1.645500000000000000e+07	1.400000000000000000e+01
1.646000000000000000e+07	1.400000000000000000e+01
1.646500000000000000e+07	1.400000000000000000e+01
1.647000000000000000e+07	1.400000000000000000e+01
1.647500000000000000e+07	1.400000000000000000e+01
1.648000000000000000e+07	1.400000000000000000e+01
1.648500000000000000e+07	1.400000000000000000e+01
1.649000000000000000e+07	1.400000000000000000e+01
1.649500000000000000e+07	1.400000000000000000e+01
1.650000000000000000e+07	1.400000000000000000e+01
1.650500000000000000e+07	1.400000000000000000e+01
1.651000000000000000e+07	1.400000000000000000e+01
1.651500000000000000e+07	1.400000000000000000e+01
1.652000000000000000e+07	1.400000000000000000e+01
1.652500000000000000e+07	1.400000000000000000e+01
1.653000000000000000e+07	1.400000000000000000e+01
1.653500000000000000e+07	1.400000000000000000e+01
1.654000000000000000e+07	1.400000000000000000e+01
1.654500000000000000e+07	1.400000000000000000e+01
1.655000000000000000e+07	1.400000000000000000e+01
1.655500000000000000e+07	1.400000000000000000e+01
1.656000000000000000e+07	1.400000000000000000e+01
1.656500000000000000e+07	1.400000000000000000e+01
1.657000000000000000e+07	1.400000000000000000e+01
1.657500000000000000e+07	1.400000000000000000e+01
1.658000000000000000e+07	1.400000000000000000e+01
1.658500000000000000e+07	1.400000000000000000e+01
1.659000000000000000e+07	1.400000000000000000e+01
1.659500000000000000e+07	1.400000000000000000e+01
1.660000000000000000e+07	1.400000000000000000e+01
1.660500000000000000e+07	1.400000000000000000e+01
1.661000000000000000e+07	1.400000000000000000e+01
1.661500000000000000e+07	1.400000000000000000e+01
1.662000000000000000e+07	1.400000000000000000e+01
1.662500000000000000e+07	1.400000000000000000e+01
1.663000000000000000e+07	1.400000000000000000e+01
1.663500000000000000e+07	1.400000000000000000e+01
1.664000000000000000e+07	1.400000000000000000e+01
1.664500000000000000e+07	1.400000000000000000e+01
1.665000000000000000e+07	1.400000000000000000e+01
1.665500000000000000e+07	1.400000000000000000e+01
1.666000000000000000e+07	1.400000000000000000e+01
1.666500000000000000e+07	1.400000000000000000e+01
1.667000000000000000e+07	1.400000000000000000e+01
1.667500000000000000e+07	1.400000000000000000e+01
1.668000000000000000e+07	1.400000000000000000e+01
1.668500000000000000e+07	1.400000000000000000e+01
1.669000000000000000e+07	1.400000000000000000e+01
1.669500000000000000e+07	1.400000000000000000e+01
1.670000000000000000e+07	1.400000000000000000e+01
1.670500000000000000e+07	1.400000000000000000e+01
1.671000000000000000e+07	1.400000000000000000e+01
1.671500000000000000e+07	1.400000000000000000e+01
1.672000000000000000e+07	1.400000000000000000e+01
1.672500000000000000e+07	1.400000000000000000e+01
1.673000000000000000e+07	1.400000000000000000e+01
1.673500000000000000e+07	1.400000000000000000e+01
1.674000000000000000e+07	1.400000000000000000e+01
1.674500000000000000e+07	1.400000000000000000e+01
1.675000000000000000e+07	1.400000000000000000e+01
1.675500000000000000e+07	1.400000000000000000e+01
1.676000000000000000e+07	1.400000000000000000e+01
1.676500000000000000e+07	1.400000000000000000e+01
1.677000000000000000e+07	1.400000000000000000e+01
1.677500000000000000e+07	1.400000000000000000e+01
1.678000000000000000e+07	1.400000000000000000e+01
1.678500000000000000e+07	1.400000000000000000e+01
1.679000000000000000e+07	1.400000000000000000e+01
1.679500000000000000e+07	1.400000000000000000e+01
1.680000000000000000e+07	1.400000000000000000e+01
1.680500000000000000e+07	1.400000000000000000e+01
1.681000000000000000e+07	1.400000000000000000e+01
1.681500000000000000e+07	1.400000000000000000e+01
1.682000000000000000e+07	1.400000000000000000e+01
1.682500000000000000e+07	1.400000000000000000e+01
1.683500000000000000e+07	1.400000000000000000e+01
1.684000000000000000e+07	1.400000000000000000e+01
1.684500000000000000e+07	1.400000000000000000e+01
1.685000000000000000e+07	1.400000000000000000e+01
1.685500000000000000e+07	1.400000000000000000e+01
1.689000000000000000e+07	1.400000000000000000e+01
1.691500000000000000e+07	1.400000000000000000e+01
1.692000000000000000e+07	1.400000000000000000e+01
1.692500000000000000e+07	1.400000000000000000e+01
1.694500000000000000e+07	1.400000000000000000e+01
1.695000000000000000e+07	1.400000000000000000e+01
1.696000000000000000e+07	1.400000000000000000e+01
1.697500000000000000e+07	1.400000000000000000e+01
1.698000000000000000e+07	1.400000000000000000e+01
1.698500000000000000e+07	1.400000000000000000e+01
1.699000000000000000e+07	1.400000000000000000e+01
1.699500000000000000e+07	1.400000000000000000e+01
1.700000000000000000e+07	1.400000000000000000e+01
1.700500000000000000e+07	1.400000000000000000e+01
1.701000000000000000e+07	1.400000000000000000e+01
1.701500000000000000e+07	1.400000000000000000e+01
1.702000000000000000e+07	1.400000000000000000e+01
1.705000000000000000e+07	1.400000000000000000e+01
1.713500000000000000e+07	1.400000000000000000e+01
1.714500000000000000e+07	1.400000000000000000e+01
1.715000000000000000e+07	1.400000000000000000e+01
1.715500000000000000e+07	1.400000000000000000e+01
1.716000000000000000e+07	1.400000000000000000e+01
1.716500000000000000e+07	1.400000000000000000e+01
1.717000000000000000e+07	1.400000000000000000e+01
1.717500000000000000e+07	1.400000000000000000e+01
1.718000000000000000e+07	1.400000000000000000e+01
1.718500000000000000e+07	1.400000000000000000e+01
1.719000000000000000e+07	1.400000000000000000e+01
1.719500000000000000e+07	1.400000000000000000e+01
1.720000000000000000e+07	1.400000000000000000e+01
1.720500000000000000e+07	1.400000000000000000e+01
1.721000000000000000e+07	1.400000000000000000e+01
1.721500000000000000e+07	1.400000000000000000e+01
1.722000000000000000e+07	1.400000000000000000e+01
1.722500000000000000e+07	1.400000000000000000e+01
1.723000000000000000e+07	1.400000000000000000e+01
1.723500000000000000e+07	1.400000000000000000e+01
1.724000000000000000e+07	1.400000000000000000e+01
1.724500000000000000e+07	1.400000000000000000e+01
1.725000000000000000e+07	1.400000000000000000e+01
1.725500000000000000e+07	1.400000000000000000e+01
1.726000000000000000e+07	1.400000000000000000e+01
1.726500000000000000e+07	1.400000000000000000e+01
1.727000000000000000e+07	1.400000000000000000e+01
1.727500000000000000e+07	1.400000000000000000e+01
1.728000000000000000e+07	1.400000000000000000e+01
1.728500000000000000e+07	1.400000000000000000e+01
1.729000000000000000e+07	1.400000000000000000e+01
1.729500000000000000e+07	1.400000000000000000e+01
1.730000000000000000e+07	1.400000000000000000e+01
1.730500000000000000e+07	1.400000000000000000e+01
1.731000000000000000e+07	1.400000000000000000e+01
1.731500000000000000e+07	1.400000000000000000e+01
1.732000000000000000e+07	1.400000000000000000e+01
1.734500000000000000e+07	1.400000000000000000e+01
1.735000000000000000e+07	1.400000000000000000e+01
1.735500000000000000e+07	1.400000000000000000e+01
1.736000000000000000e+07	1.400000000000000000e+01
1.736500000000000000e+07	1.400000000000000000e+01
1.737000000000000000e+07	1.400000000000000000e+01
1.737500000000000000e+07	1.400000000000000000e+01
1.738000000000000000e+07	1.400000000000000000e+01
1.738500000000000000e+07	1.400000000000000000e+01
1.739000000000000000e+07	1.400000000000000000e+01
1.739500000000000000e+07	1.400000000000000000e+01
1.740000000000000000e+07	1.400000000000000000e+01
1.740500000000000000e+07	1.400000000000000000e+01
1.741000000000000000e+07	1.400000000000000000e+01
1.741500000000000000e+07	1.400000000000000000e+01
1.742000000000000000e+07	1.400000000000000000e+01
1.742500000000000000e+07	1.400000000000000000e+01
1.743000000000000000e+07	1.400000000000000000e+01
1.743500000000000000e+07	1.400000000000000000e+01
1.744000000000000000e+07	1.400000000000000000e+01
1.744500000000000000e+07	1.400000000000000000e+01
1.745000000000000000e+07	1.400000000000000000e+01
1.745500000000000000e+07	1.400000000000000000e+01
1.746000000000000000e+07	1.400000000000000000e+01
1.746500000000000000e+07	1.400000000000000000e+01
1.747000000000000000e+07	1.400000000000000000e+01
1.747500000000000000e+07	1.400000000000000000e+01
1.748000000000000000e+07	1.400000000000000000e+01
1.748500000000000000e+07	1.400000000000000000e+01
1.749000000000000000e+07	1.400000000000000000e+01
1.749500000000000000e+07	1.400000000000000000e+01
1.750000000000000000e+07	1.400000000000000000e+01
1.750500000000000000e+07	1.400000000000000000e+01
1.751000000000000000e+07	1.400000000000000000e+01
1.751500000000000000e+07	1.400000000000000000e+01
1.752000000000000000e+07	1.400000000000000000e+01
1.752500000000000000e+07	1.400000000000000000e+01
1.753000000000000000e+07	1.400000000000000000e+01
1.753500000000000000e+07	1.400000000000000000e+01
1.754000000000000000e+07	1.400000000000000000e+01
1.754500000000000000e+07	1.400000000000000000e+01
1.755000000000000000e+07	1.400000000000000000e+01
1.755500000000000000e+07	1.400000000000000000e+01
1.756000000000000000e+07	1.400000000000000000e+01
1.756500000000000000e+07	1.400000000000000000e+01
1.757000000000000000e+07	1.400000000000000000e+01
1.757500000000000000e+07	1.400000000000000000e+01
1.758000000000000000e+07	1.400000000000000000e+01
1.758500000000000000e+07	1.400000000000000000e+01
1.759000000000000000e+07	1.400000000000000000e+01
1.759500000000000000e+07	1.400000000000000000e+01
1.760000000000000000e+07	1.400000000000000000e+01
1.760500000000000000e+07	1.400000000000000000e+01
1.761000000000000000e+07	1.400000000000000000e+01
1.761500000000000000e+07	1.400000000000000000e+01
1.762000000000000000e+07	1.400000000000000000e+01
1.762500000000000000e+07	1.400000000000000000e+01
1.763000000000000000e+07	1.400000000000000000e+01
1.763500000000000000e+07	1.400000000000000000e+01
1.764000000000000000e+07	1.400000000000000000e+01
1.764500000000000000e+07	1.400000000000000000e+01
1.765000000000000000e+07	1.400000000000000000e+01
1.765500000000000000e+07	1.400000000000000000e+01
1.766000000000000000e+07	1.400000000000000000e+01
1.766500000000000000e+07	1.400000000000000000e+01
1.767000000000000000e+07	1.400000000000000000e+01
1.767500000000000000e+07	1.400000000000000000e+01
1.768000000000000000e+07	1.400000000000000000e+01
1.768500000000000000e+07	1.400000000000000000e+01
1.769000000000000000e+07	1.400000000000000000e+01
1.769500000000000000e+07	1.400000000000000000e+01
1.770000000000000000e+07	1.400000000000000000e+01
1.770500000000000000e+07	1.400000000000000000e+01
1.771000000000000000e+07	1.400000000000000000e+01
1.771500000000000000e+07	1.400000000000000000e+01
1.772000000000000000e+07	1.400000000000000000e+01
1.772500000000000000e+07	1.400000000000000000e+01
1.773000000000000000e+07	1.400000000000000000e+01
1.773500000000000000e+07	1.400000000000000000e+01
1.774000000000000000e+07	1.400000000000000000e+01
1.774500000000000000e+07	1.400000000000000000e+01
1.775000000000000000e+07	1.400000000000000000e+01
1.775500000000000000e+07	1.400000000000000000e+01
1.776000000000000000e+07	1.400000000000000000e+01
1.776500000000000000e+07	1.400000000000000000e+01
1.777000000000000000e+07	1.400000000000000000e+01
1.777500000000000000e+07	1.400000000000000000e+01
1.778000000000000000e+07	1.400000000000000000e+01
1.778500000000000000e+07	1.400000000000000000e+01
1.779000000000000000e+07	1.400000000000000000e+01
1.779500000000000000e+07	1.400000000000000000e+01
1.780000000000000000e+07	1.400000000000000000e+01
1.780500000000000000e+07	1.400000000000000000e+01
1.781000000000000000e+07	1.400000000000000000e+01
1.781500000000000000e+07	1.400000000000000000e+01
1.782000000000000000e+07	1.400000000000000000e+01
1.782500000000000000e+07	1.400000000000000000e+01
1.783000000000000000e+07	1.400000000000000000e+01
1.783500000000000000e+07	1.400000000000000000e+01
1.784000000000000000e+07	1.400000000000000000e+01
1.784500000000000000e+07	1.400000000000000000e+01
1.785000000000000000e+07	1.400000000000000000e+01
1.785500000000000000e+07	1.400000000000000000e+01
1.786000000000000000e+07	1.400000000000000000e+01
1.786500000000000000e+07	1.400000000000000000e+01
1.787000000000000000e+07	1.400000000000000000e+01
1.787500000000000000e+07	1.400000000000000000e+01
1.788000000000000000e+07	1.400000000000000000e+01
1.788500000000000000e+07	1.400000000000000000e+01
1.789000000000000000e+07	1.400000000000000000e+01
1.789500000000000000e+07	1.400000000000000000e+01
1.790000000000000000e+07	1.400000000000000000e+01
1.790500000000000000e+07	1.400000000000000000e+01
1.791000000000000000e+07	1.400000000000000000e+01
1.791500000000000000e+07	1.400000000000000000e+01
1.792000000000000000e+07	1.400000000000000000e+01
1.792500000000000000e+07	1.400000000000000000e+01
1.793000000000000000e+07	1.400000000000000000e+01
1.793500000000000000e+07	1.400000000000000000e+01
1.794000000000000000e+07	1.400000000000000000e+01
1.794500000000000000e+07	1.400000000000000000e+01
1.795000000000000000e+07	1.400000000000000000e+01
1.795500000000000000e+07	1.400000000000000000e+01
1.796000000000000000e+07	1.400000000000000000e+01
1.796500000000000000e+07	1.400000000000000000e+01
1.797000000000000000e+07	1.400000000000000000e+01
1.797500000000000000e+07	1.400000000000000000e+01
1.798000000000000000e+07	1.400000000000000000e+01
1.798500000000000000e+07	1.400000000000000000e+01
1.799000000000000000e+07	1.400000000000000000e+01
1.799500000000000000e+07	1.400000000000000000e+01
1.800000000000000000e+07	1.400000000000000000e+01
1.800500000000000000e+07	1.400000000000000000e+01
1.801000000000000000e+07	1.400000000000000000e+01
1.801500000000000000e+07	1.400000000000000000e+01
1.802000000000000000e+07	1.400000000000000000e+01
1.802500000000000000e+07	1.400000000000000000e+01
1.803000000000000000e+07	1.400000000000000000e+01
1.803500000000000000e+07	1.400000000000000000e+01
1.804000000000000000e+07	1.400000000000000000e+01
1.804500000000000000e+07	1.400000000000000000e+01
1.805000000000000000e+07	1.400000000000000000e+01
1.805500000000000000e+07	1.400000000000000000e+01
1.806000000000000000e+07	1.400000000000000000e+01
1.806500000000000000e+07	1.400000000000000000e+01
1.807000000000000000e+07	1.400000000000000000e+01
1.807500000000000000e+07	1.400000000000000000e+01
1.808000000000000000e+07	1.400000000000000000e+01
1.808500000000000000e+07	1.400000000000000000e+01
1.809000000000000000e+07	1.400000000000000000e+01
1.809500000000000000e+07	1.400000000000000000e+01
1.810000000000000000e+07	1.400000000000000000e+01
1.810500000000000000e+07	1.400000000000000000e+01
1.811000000000000000e+07	1.400000000000000000e+01
1.811500000000000000e+07	1.400000000000000000e+01
1.812000000000000000e+07	1.400000000000000000e+01
1.812500000000000000e+07	1.400000000000000000e+01
1.813000000000000000e+07	1.400000000000000000e+01
1.813500000000000000e+07	1.400000000000000000e+01
1.814000000000000000e+07	1.400000000000000000e+01
1.814500000000000000e+07	1.400000000000000000e+01
1.815000000000000000e+07	1.400000000000000000e+01
1.815500000000000000e+07	1.400000000000000000e+01
1.816000000000000000e+07	1.400000000000000000e+01
1.816500000000000000e+07	1.400000000000000000e+01
1.817000000000000000e+07	1.400000000000000000e+01
1.817500000000000000e+07	1.400000000000000000e+01
1.818000000000000000e+07	1.400000000000000000e+01
1.818500000000000000e+07	1.400000000000000000e+01
1.819000000000000000e+07	1.400000000000000000e+01
1.819500000000000000e+07	1.400000000000000000e+01
1.820000000000000000e+07	1.400000000000000000e+01
1.820500000000000000e+07	1.400000000000000000e+01
1.821000000000000000e+07	1.400000000000000000e+01
1.821500000000000000e+07	1.400000000000000000e+01
1.822000000000000000e+07	1.400000000000000000e+01
1.822500000000000000e+07	1.400000000000000000e+01
1.823000000000000000e+07	1.400000000000000000e+01
1.823500000000000000e+07	1.400000000000000000e+01
1.824000000000000000e+07	1.400000000000000000e+01
1.824500000000000000e+07	1.400000000000000000e+01
1.825000000000000000e+07	1.400000000000000000e+01
1.825500000000000000e+07	1.400000000000000000e+01
1.826000000000000000e+07	1.400000000000000000e+01
1.826500000000000000e+07	1.400000000000000000e+01
1.827000000000000000e+07	1.400000000000000000e+01
1.827500000000000000e+07	1.400000000000000000e+01
1.828000000000000000e+07	1.400000000000000000e+01
1.828500000000000000e+07	1.400000000000000000e+01
1.829000000000000000e+07	1.400000000000000000e+01
1.829500000000000000e+07	1.400000000000000000e+01
1.830000000000000000e+07	1.400000000000000000e+01
1.830500000000000000e+07	1.400000000000000000e+01
1.831000000000000000e+07	1.400000000000000000e+01
1.831500000000000000e+07	1.400000000000000000e+01
1.833000000000000000e+07	1.400000000000000000e+01
1.834000000000000000e+07	1.400000000000000000e+01
1.838500000000000000e+07	1.400000000000000000e+01
1.839000000000000000e+07	1.400000000000000000e+01
1.839500000000000000e+07	1.400000000000000000e+01
1.840000000000000000e+07	1.400000000000000000e+01
1.840500000000000000e+07	1.400000000000000000e+01
1.841000000000000000e+07	1.400000000000000000e+01
1.841500000000000000e+07	1.400000000000000000e+01
1.842000000000000000e+07	1.400000000000000000e+01
1.842500000000000000e+07	1.400000000000000000e+01
1.843000000000000000e+07	1.400000000000000000e+01
1.843500000000000000e+07	1.400000000000000000e+01
1.844000000000000000e+07	1.400000000000000000e+01
1.844500000000000000e+07	1.400000000000000000e+01
1.845000000000000000e+07	1.400000000000000000e+01
1.845500000000000000e+07	1.400000000000000000e+01
1.846000000000000000e+07	1.400000000000000000e+01
1.846500000000000000e+07	1.400000000000000000e+01
1.847000000000000000e+07	1.400000000000000000e+01
1.847500000000000000e+07	1.400000000000000000e+01
1.848000000000000000e+07	1.400000000000000000e+01
1.848500000000000000e+07	1.400000000000000000e+01
1.849000000000000000e+07	1.400000000000000000e+01
1.849500000000000000e+07	1.400000000000000000e+01
1.850000000000000000e+07	1.400000000000000000e+01
1.850500000000000000e+07	1.400000000000000000e+01
1.851000000000000000e+07	1.400000000000000000e+01
1.851500000000000000e+07	1.400000000000000000e+01
1.852000000000000000e+07	1.400000000000000000e+01
1.852500000000000000e+07	1.400000000000000000e+01
1.853000000000000000e+07	1.400000000000000000e+01
1.853500000000000000e+07	1.400000000000000000e+01
1.854000000000000000e+07	1.400000000000000000e+01
1.854500000000000000e+07	1.400000000000000000e+01
1.855000000000000000e+07	1.400000000000000000e+01
1.855500000000000000e+07	1.400000000000000000e+01
1.856000000000000000e+07	1.400000000000000000e+01
1.856500000000000000e+07	1.400000000000000000e+01
1.857000000000000000e+07	1.400000000000000000e+01
1.857500000000000000e+07	1.400000000000000000e+01
1.858000000000000000e+07	1.400000000000000000e+01
1.858500000000000000e+07	1.400000000000000000e+01
1.859000000000000000e+07	1.400000000000000000e+01
1.859500000000000000e+07	1.400000000000000000e+01
1.860000000000000000e+07	1.400000000000000000e+01
1.860500000000000000e+07	1.400000000000000000e+01
1.861000000000000000e+07	1.400000000000000000e+01
1.861500000000000000e+07	1.400000000000000000e+01
1.862000000000000000e+07	1.400000000000000000e+01
1.862500000000000000e+07	1.400000000000000000e+01
1.863000000000000000e+07	1.400000000000000000e+01
1.863500000000000000e+07	1.400000000000000000e+01
1.864000000000000000e+07	1.400000000000000000e+01
1.864500000000000000e+07	1.400000000000000000e+01
1.865000000000000000e+07	1.400000000000000000e+01
1.865500000000000000e+07	1.400000000000000000e+01
1.866000000000000000e+07	1.400000000000000000e+01
1.866500000000000000e+07	1.400000000000000000e+01
1.867000000000000000e+07	1.400000000000000000e+01
1.867500000000000000e+07	1.400000000000000000e+01
1.868000000000000000e+07	1.400000000000000000e+01
1.868500000000000000e+07	1.400000000000000000e+01
1.869000000000000000e+07	1.400000000000000000e+01
1.869500000000000000e+07	1.400000000000000000e+01
1.870000000000000000e+07	1.400000000000000000e+01
1.870500000000000000e+07	1.400000000000000000e+01
1.871000000000000000e+07	1.400000000000000000e+01
1.871500000000000000e+07	1.400000000000000000e+01
1.872000000000000000e+07	1.400000000000000000e+01
1.872500000000000000e+07	1.400000000000000000e+01
1.873000000000000000e+07	1.400000000000000000e+01
1.873500000000000000e+07	1.400000000000000000e+01
1.874000000000000000e+07	1.400000000000000000e+01
1.874500000000000000e+07	1.400000000000000000e+01
1.875000000000000000e+07	1.400000000000000000e+01
1.875500000000000000e+07	1.400000000000000000e+01
1.876000000000000000e+07	1.400000000000000000e+01
1.876500000000000000e+07	1.400000000000000000e+01
1.877000000000000000e+07	1.400000000000000000e+01
1.877500000000000000e+07	1.400000000000000000e+01
1.878000000000000000e+07	1.400000000000000000e+01
1.878500000000000000e+07	1.400000000000000000e+01
1.879000000000000000e+07	1.400000000000000000e+01
1.879500000000000000e+07	1.400000000000000000e+01
1.880000000000000000e+07	1.400000000000000000e+01
1.880500000000000000e+07	1.400000000000000000e+01
1.881000000000000000e+07	1.400000000000000000e+01
1.881500000000000000e+07	1.400000000000000000e+01
1.882000000000000000e+07	1.400000000000000000e+01
1.882500000000000000e+07	1.400000000000000000e+01
1.883000000000000000e+07	1.400000000000000000e+01
1.883500000000000000e+07	1.400000000000000000e+01
1.884000000000000000e+07	1.400000000000000000e+01
1.884500000000000000e+07	1.400000000000000000e+01
1.885000000000000000e+07	1.400000000000000000e+01
1.885500000000000000e+07	1.400000000000000000e+01
1.886000000000000000e+07	1.400000000000000000e+01
1.886500000000000000e+07	1.400000000000000000e+01
1.887000000000000000e+07	1.400000000000000000e+01
1.887500000000000000e+07	1.400000000000000000e+01
1.888000000000000000e+07	1.400000000000000000e+01
1.888500000000000000e+07	1.400000000000000000e+01
1.889000000000000000e+07	1.400000000000000000e+01
1.889500000000000000e+07	1.400000000000000000e+01
1.890000000000000000e+07	1.400000000000000000e+01
1.890500000000000000e+07	1.400000000000000000e+01
1.891000000000000000e+07	1.400000000000000000e+01
1.891500000000000000e+07	1.400000000000000000e+01
1.892000000000000000e+07	1.400000000000000000e+01
1.892500000000000000e+07	1.400000000000000000e+01
1.893000000000000000e+07	1.400000000000000000e+01
1.893500000000000000e+07	1.400000000000000000e+01
1.894000000000000000e+07	1.400000000000000000e+01
1.894500000000000000e+07	1.400000000000000000e+01
1.895000000000000000e+07	1.400000000000000000e+01
1.895500000000000000e+07	1.400000000000000000e+01
1.896000000000000000e+07	1.400000000000000000e+01
1.896500000000000000e+07	1.400000000000000000e+01
1.897000000000000000e+07	1.400000000000000000e+01
1.897500000000000000e+07	1.400000000000000000e+01
1.898000000000000000e+07	1.400000000000000000e+01
1.898500000000000000e+07	1.400000000000000000e+01
1.899000000000000000e+07	1.400000000000000000e+01
1.899500000000000000e+07	1.400000000000000000e+01
1.900000000000000000e+07	1.400000000000000000e+01
1.900500000000000000e+07	1.400000000000000000e+01
1.901000000000000000e+07	1.400000000000000000e+01
1.901500000000000000e+07	1.400000000000000000e+01
1.902000000000000000e+07	1.400000000000000000e+01
1.902500000000000000e+07	1.400000000000000000e+01
1.903000000000000000e+07	1.400000000000000000e+01
1.903500000000000000e+07	1.400000000000000000e+01
1.904000000000000000e+07	1.400000000000000000e+01
1.904500000000000000e+07	1.400000000000000000e+01
1.905000000000000000e+07	1.400000000000000000e+01
1.905500000000000000e+07	1.400000000000000000e+01
1.906000000000000000e+07	1.400000000000000000e+01
1.906500000000000000e+07	1.400000000000000000e+01
1.907000000000000000e+07	1.400000000000000000e+01
1.907500000000000000e+07	1.400000000000000000e+01
1.908000000000000000e+07	1.400000000000000000e+01
1.908500000000000000e+07	1.400000000000000000e+01
1.909000000000000000e+07	1.400000000000000000e+01
1.909500000000000000e+07	1.400000000000000000e+01
1.910000000000000000e+07	1.400000000000000000e+01
1.910500000000000000e+07	1.400000000000000000e+01
1.911000000000000000e+07	1.400000000000000000e+01
1.911500000000000000e+07	1.400000000000000000e+01
1.912000000000000000e+07	1.400000000000000000e+01
1.912500000000000000e+07	1.400000000000000000e+01
1.913000000000000000e+07	1.400000000000000000e+01
1.913500000000000000e+07	1.400000000000000000e+01
1.914000000000000000e+07	1.400000000000000000e+01
1.914500000000000000e+07	1.400000000000000000e+01
1.915000000000000000e+07	1.400000000000000000e+01
1.915500000000000000e+07	1.400000000000000000e+01
1.916000000000000000e+07	1.400000000000000000e+01
1.916500000000000000e+07	1.400000000000000000e+01
1.917000000000000000e+07	1.400000000000000000e+01
1.917500000000000000e+07	1.400000000000000000e+01
1.918000000000000000e+07	1.400000000000000000e+01
1.918500000000000000e+07	1.400000000000000000e+01
1.919000000000000000e+07	1.400000000000000000e+01
1.919500000000000000e+07	1.400000000000000000e+01
1.920000000000000000e+07	1.400000000000000000e+01
1.920500000000000000e+07	1.400000000000000000e+01
1.921000000000000000e+07	1.400000000000000000e+01
1.921500000000000000e+07	1.400000000000000000e+01
1.922000000000000000e+07	1.400000000000000000e+01
1.922500000000000000e+07	1.400000000000000000e+01
1.923000000000000000e+07	1.400000000000000000e+01
1.923500000000000000e+07	1.400000000000000000e+01
1.924000000000000000e+07	1.400000000000000000e+01
1.924500000000000000e+07	1.400000000000000000e+01
1.925000000000000000e+07	1.400000000000000000e+01
1.925500000000000000e+07	1.400000000000000000e+01
1.926000000000000000e+07	1.400000000000000000e+01
1.926500000000000000e+07	1.400000000000000000e+01
1.927000000000000000e+07	1.400000000000000000e+01
1.927500000000000000e+07	1.400000000000000000e+01
1.928000000000000000e+07	1.400000000000000000e+01
1.928500000000000000e+07	1.400000000000000000e+01
1.929000000000000000e+07	1.400000000000000000e+01
1.929500000000000000e+07	1.400000000000000000e+01
1.930000000000000000e+07	1.400000000000000000e+01
1.930500000000000000e+07	1.400000000000000000e+01
1.931000000000000000e+07	1.400000000000000000e+01
1.931500000000000000e+07	1.400000000000000000e+01
1.932000000000000000e+07	1.400000000000000000e+01
1.932500000000000000e+07	1.400000000000000000e+01
1.933000000000000000e+07	1.400000000000000000e+01
1.933500000000000000e+07	1.400000000000000000e+01
1.934000000000000000e+07	1.400000000000000000e+01
1.934500000000000000e+07	1.400000000000000000e+01
1.935000000000000000e+07	1.400000000000000000e+01
1.935500000000000000e+07	1.400000000000000000e+01
1.936000000000000000e+07	1.400000000000000000e+01
1.936500000000000000e+07	1.400000000000000000e+01
1.937000000000000000e+07	1.400000000000000000e+01
1.937500000000000000e+07	1.400000000000000000e+01
1.938000000000000000e+07	1.400000000000000000e+01
1.938500000000000000e+07	1.400000000000000000e+01
1.939000000000000000e+07	1.400000000000000000e+01
1.939500000000000000e+07	1.400000000000000000e+01
1.940000000000000000e+07	1.400000000000000000e+01
1.940500000000000000e+07	1.400000000000000000e+01
1.941000000000000000e+07	1.400000000000000000e+01
1.941500000000000000e+07	1.400000000000000000e+01
1.942000000000000000e+07	1.400000000000000000e+01
1.942500000000000000e+07	1.400000000000000000e+01
1.943000000000000000e+07	1.400000000000000000e+01
1.943500000000000000e+07	1.400000000000000000e+01
1.944000000000000000e+07	1.400000000000000000e+01
1.944500000000000000e+07	1.400000000000000000e+01
1.945000000000000000e+07	1.400000000000000000e+01
1.945500000000000000e+07	1.400000000000000000e+01
1.946000000000000000e+07	1.400000000000000000e+01
1.946500000000000000e+07	1.400000000000000000e+01
1.947000000000000000e+07	1.400000000000000000e+01
1.947500000000000000e+07	1.400000000000000000e+01
1.948000000000000000e+07	1.400000000000000000e+01
1.948500000000000000e+07	1.400000000000000000e+01
1.949000000000000000e+07	1.400000000000000000e+01
1.949500000000000000e+07	1.400000000000000000e+01
1.950000000000000000e+07	1.400000000000000000e+01
1.950500000000000000e+07	1.400000000000000000e+01
1.951000000000000000e+07	1.400000000000000000e+01
1.951500000000000000e+07	1.400000000000000000e+01
1.952000000000000000e+07	1.400000000000000000e+01
1.952500000000000000e+07	1.400000000000000000e+01
1.953000000000000000e+07	1.400000000000000000e+01
1.953500000000000000e+07	1.400000000000000000e+01
1.954000000000000000e+07	1.400000000000000000e+01
1.954500000000000000e+07	1.400000000000000000e+01
1.955000000000000000e+07	1.400000000000000000e+01
1.955500000000000000e+07	1.400000000000000000e+01
1.956000000000000000e+07	1.400000000000000000e+01
1.956500000000000000e+07	1.400000000000000000e+01
1.957000000000000000e+07	1.400000000000000000e+01
1.957500000000000000e+07	1.400000000000000000e+01
1.958000000000000000e+07	1.400000000000000000e+01
1.958500000000000000e+07	1.400000000000000000e+01
1.959000000000000000e+07	1.400000000000000000e+01
1.959500000000000000e+07	1.400000000000000000e+01
1.960000000000000000e+07	1.400000000000000000e+01
1.960500000000000000e+07	1.400000000000000000e+01
1.961000000000000000e+07	1.400000000000000000e+01
1.961500000000000000e+07	1.400000000000000000e+01
1.962000000000000000e+07	1.400000000000000000e+01
1.962500000000000000e+07	1.400000000000000000e+01
1.963000000000000000e+07	1.400000000000000000e+01
1.963500000000000000e+07	1.400000000000000000e+01
1.964000000000000000e+07	1.400000000000000000e+01
1.964500000000000000e+07	1.400000000000000000e+01
1.965000000000000000e+07	1.400000000000000000e+01
1.965500000000000000e+07	1.400000000000000000e+01
1.966000000000000000e+07	1.400000000000000000e+01
1.966500000000000000e+07	1.400000000000000000e+01
1.967000000000000000e+07	1.400000000000000000e+01
1.967500000000000000e+07	1.400000000000000000e+01
1.968000000000000000e+07	1.400000000000000000e+01
1.968500000000000000e+07	1.400000000000000000e+01
1.969000000000000000e+07	1.400000000000000000e+01
1.969500000000000000e+07	1.400000000000000000e+01
1.970000000000000000e+07	1.400000000000000000e+01
1.970500000000000000e+07	1.400000000000000000e+01
1.971000000000000000e+07	1.400000000000000000e+01
1.971500000000000000e+07	1.400000000000000000e+01
1.972000000000000000e+07	1.400000000000000000e+01
1.972500000000000000e+07	1.400000000000000000e+01
1.973000000000000000e+07	1.400000000000000000e+01
1.973500000000000000e+07	1.400000000000000000e+01
1.974000000000000000e+07	1.400000000000000000e+01
1.974500000000000000e+07	1.400000000000000000e+01
1.975000000000000000e+07	1.400000000000000000e+01
1.975500000000000000e+07	1.400000000000000000e+01
1.976000000000000000e+07	1.400000000000000000e+01
1.976500000000000000e+07	1.400000000000000000e+01
1.977000000000000000e+07	1.400000000000000000e+01
1.977500000000000000e+07	1.400000000000000000e+01
1.978000000000000000e+07	1.400000000000000000e+01
1.978500000000000000e+07	1.400000000000000000e+01
1.979000000000000000e+07	1.400000000000000000e+01
1.979500000000000000e+07	1.400000000000000000e+01
1.980000000000000000e+07	1.400000000000000000e+01
1.980500000000000000e+07	1.400000000000000000e+01
1.981000000000000000e+07	1.400000000000000000e+01
1.981500000000000000e+07	1.400000000000000000e+01
1.982000000000000000e+07	1.400000000000000000e+01
1.982500000000000000e+07	1.400000000000000000e+01
1.983000000000000000e+07	1.400000000000000000e+01
1.983500000000000000e+07	1.400000000000000000e+01
1.984000000000000000e+07	1.400000000000000000e+01
1.984500000000000000e+07	1.400000000000000000e+01
1.985000000000000000e+07	1.400000000000000000e+01
1.985500000000000000e+07	1.400000000000000000e+01
1.986000000000000000e+07	1.400000000000000000e+01
1.986500000000000000e+07	1.400000000000000000e+01
1.987000000000000000e+07	1.400000000000000000e+01
1.987500000000000000e+07	1.400000000000000000e+01
1.988000000000000000e+07	1.400000000000000000e+01
1.988500000000000000e+07	1.400000000000000000e+01
1.989000000000000000e+07	1.400000000000000000e+01
1.989500000000000000e+07	1.400000000000000000e+01
1.990000000000000000e+07	1.400000000000000000e+01
1.990500000000000000e+07	1.400000000000000000e+01
1.991000000000000000e+07	1.400000000000000000e+01
1.991500000000000000e+07	1.400000000000000000e+01
1.992000000000000000e+07	1.400000000000000000e+01
1.992500000000000000e+07	1.400000000000000000e+01
1.993000000000000000e+07	1.400000000000000000e+01
1.993500000000000000e+07	1.400000000000000000e+01
1.994000000000000000e+07	1.400000000000000000e+01
1.994500000000000000e+07	1.400000000000000000e+01
1.995000000000000000e+07	1.400000000000000000e+01
1.995500000000000000e+07	1.400000000000000000e+01
1.996000000000000000e+07	1.400000000000000000e+01
1.996500000000000000e+07	1.400000000000000000e+01
1.997000000000000000e+07	1.400000000000000000e+01
1.997500000000000000e+07	1.400000000000000000e+01
1.998000000000000000e+07	1.400000000000000000e+01
1.998500000000000000e+07	1.400000000000000000e+01
1.999000000000000000e+07	1.400000000000000000e+01
1.999500000000000000e+07	1.400000000000000000e+01
2.000000000000000000e+07	1.400000000000000000e+01
2.000500000000000000e+07	1.400000000000000000e+01
2.001000000000000000e+07	1.400000000000000000e+01
2.001500000000000000e+07	1.400000000000000000e+01
2.002000000000000000e+07	1.400000000000000000e+01
2.002500000000000000e+07	1.400000000000000000e+01
2.003000000000000000e+07	1.400000000000000000e+01
2.003500000000000000e+07	1.400000000000000000e+01
2.004000000000000000e+07	1.400000000000000000e+01
2.004500000000000000e+07	1.400000000000000000e+01
2.005000000000000000e+07	1.400000000000000000e+01
2.005500000000000000e+07	1.400000000000000000e+01
2.006000000000000000e+07	1.400000000000000000e+01
2.006500000000000000e+07	1.400000000000000000e+01
2.007000000000000000e+07	1.400000000000000000e+01
2.007500000000000000e+07	1.400000000000000000e+01
2.008000000000000000e+07	1.400000000000000000e+01
2.008500000000000000e+07	1.400000000000000000e+01
2.009000000000000000e+07	1.400000000000000000e+01
2.009500000000000000e+07	1.400000000000000000e+01
2.010000000000000000e+07	1.400000000000000000e+01
2.010500000000000000e+07	1.400000000000000000e+01
2.011000000000000000e+07	1.400000000000000000e+01
2.011500000000000000e+07	1.400000000000000000e+01
2.012000000000000000e+07	1.400000000000000000e+01
2.012500000000000000e+07	1.400000000000000000e+01
2.013000000000000000e+07	1.400000000000000000e+01
2.013500000000000000e+07	1.400000000000000000e+01
2.014000000000000000e+07	1.400000000000000000e+01
2.014500000000000000e+07	1.400000000000000000e+01
2.015000000000000000e+07	1.400000000000000000e+01
2.015500000000000000e+07	1.400000000000000000e+01
2.016000000000000000e+07	1.400000000000000000e+01
2.016500000000000000e+07	1.400000000000000000e+01
2.017000000000000000e+07	1.400000000000000000e+01
2.017500000000000000e+07	1.400000000000000000e+01
2.018000000000000000e+07	1.400000000000000000e+01
2.018500000000000000e+07	1.400000000000000000e+01
2.019000000000000000e+07	1.400000000000000000e+01
2.019500000000000000e+07	1.400000000000000000e+01
2.020000000000000000e+07	1.400000000000000000e+01
2.020500000000000000e+07	1.400000000000000000e+01
2.021000000000000000e+07	1.400000000000000000e+01
2.021500000000000000e+07	1.400000000000000000e+01
2.022000000000000000e+07	1.400000000000000000e+01
2.022500000000000000e+07	1.400000000000000000e+01
2.023000000000000000e+07	1.400000000000000000e+01
2.023500000000000000e+07	1.400000000000000000e+01
2.024000000000000000e+07	1.400000000000000000e+01
2.024500000000000000e+07	1.400000000000000000e+01
2.025000000000000000e+07	1.400000000000000000e+01
2.025500000000000000e+07	1.400000000000000000e+01
2.026000000000000000e+07	1.400000000000000000e+01
2.026500000000000000e+07	1.400000000000000000e+01
2.027000000000000000e+07	1.400000000000000000e+01
2.027500000000000000e+07	1.400000000000000000e+01
2.028000000000000000e+07	1.400000000000000000e+01
2.028500000000000000e+07	1.400000000000000000e+01
2.029000000000000000e+07	1.400000000000000000e+01
2.029500000000000000e+07	1.400000000000000000e+01
2.030000000000000000e+07	1.400000000000000000e+01
2.030500000000000000e+07	1.400000000000000000e+01
2.031000000000000000e+07	1.400000000000000000e+01
2.031500000000000000e+07	1.400000000000000000e+01
2.032000000000000000e+07	1.400000000000000000e+01
2.032500000000000000e+07	1.400000000000000000e+01
2.033000000000000000e+07	1.400000000000000000e+01
2.033500000000000000e+07	1.400000000000000000e+01
2.034000000000000000e+07	1.400000000000000000e+01
2.034500000000000000e+07	1.400000000000000000e+01
2.035000000000000000e+07	1.400000000000000000e+01
2.035500000000000000e+07	1.400000000000000000e+01
2.036000000000000000e+07	1.400000000000000000e+01
2.036500000000000000e+07	1.400000000000000000e+01
2.037000000000000000e+07	1.400000000000000000e+01
2.037500000000000000e+07	1.400000000000000000e+01
2.038000000000000000e+07	1.400000000000000000e+01
2.038500000000000000e+07	1.400000000000000000e+01
2.039000000000000000e+07	1.400000000000000000e+01
2.039500000000000000e+07	1.400000000000000000e+01
2.040000000000000000e+07	1.400000000000000000e+01
2.040500000000000000e+07	1.400000000000000000e+01
2.041000000000000000e+07	1.400000000000000000e+01
2.041500000000000000e+07	1.400000000000000000e+01
2.042000000000000000e+07	1.400000000000000000e+01
2.042500000000000000e+07	1.400000000000000000e+01
2.043000000000000000e+07	1.400000000000000000e+01
2.043500000000000000e+07	1.400000000000000000e+01
2.044000000000000000e+07	1.400000000000000000e+01
2.044500000000000000e+07	1.400000000000000000e+01
2.045000000000000000e+07	1.400000000000000000e+01
2.045500000000000000e+07	1.400000000000000000e+01
2.046000000000000000e+07	1.400000000000000000e+01
2.046500000000000000e+07	1.400000000000000000e+01
2.047000000000000000e+07	1.400000000000000000e+01
2.047500000000000000e+07	1.400000000000000000e+01
2.048000000000000000e+07	1.400000000000000000e+01
2.048500000000000000e+07	1.400000000000000000e+01
2.049000000000000000e+07	1.400000000000000000e+01
2.049500000000000000e+07	1.400000000000000000e+01
2.050000000000000000e+07	1.400000000000000000e+01
2.050500000000000000e+07	1.400000000000000000e+01
2.051000000000000000e+07	1.400000000000000000e+01
2.051500000000000000e+07	1.400000000000000000e+01
2.052000000000000000e+07	1.400000000000000000e+01
2.052500000000000000e+07	1.400000000000000000e+01
2.697500000000000000e+07	1.400000000000000000e+01
2.698000000000000000e+07	1.400000000000000000e+01
2.909000000000000000e+07	1.400000000000000000e+01
2.909500000000000000e+07	1.400000000000000000e+01
2.910000000000000000e+07	1.400000000000000000e+01
2.910500000000000000e+07	1.400000000000000000e+01
2.911000000000000000e+07	1.400000000000000000e+01
2.911500000000000000e+07	1.400000000000000000e+01
2.912000000000000000e+07	1.400000000000000000e+01
2.912500000000000000e+07	1.400000000000000000e+01
2.913000000000000000e+07	1.400000000000000000e+01
2.913500000000000000e+07	1.400000000000000000e+01
2.914000000000000000e+07	1.400000000000000000e+01
2.914500000000000000e+07	1.400000000000000000e+01
2.915000000000000000e+07	1.400000000000000000e+01
2.915500000000000000e+07	1.400000000000000000e+01
2.916000000000000000e+07	1.400000000000000000e+01
2.916500000000000000e+07	1.400000000000000000e+01
2.917000000000000000e+07	1.400000000000000000e+01
2.917500000000000000e+07	1.400000000000000000e+01
2.918000000000000000e+07	1.400000000000000000e+01
2.918500000000000000e+07	1.400000000000000000e+01
2.919000000000000000e+07	1.400000000000000000e+01
2.919500000000000000e+07	1.400000000000000000e+01
2.920000000000000000e+07	1.400000000000000000e+01
2.920500000000000000e+07	1.400000000000000000e+01
2.921000000000000000e+07	1.400000000000000000e+01
2.921500000000000000e+07	1.400000000000000000e+01
2.922500000000000000e+07	1.400000000000000000e+01
2.923000000000000000e+07	1.400000000000000000e+01
2.923500000000000000e+07	1.400000000000000000e+01
2.924000000000000000e+07	1.400000000000000000e+01
2.924500000000000000e+07	1.400000000000000000e+01
2.925000000000000000e+07	1.400000000000000000e+01
2.926000000000000000e+07	1.400000000000000000e+01
2.926500000000000000e+07	1.400000000000000000e+01
2.927000000000000000e+07	1.400000000000000000e+01
2.927500000000000000e+07	1.400000000000000000e+01
2.928000000000000000e+07	1.400000000000000000e+01
2.928500000000000000e+07	1.400000000000000000e+01
2.929000000000000000e+07	1.400000000000000000e+01
2.929500000000000000e+07	1.400000000000000000e+01
2.930000000000000000e+07	1.400000000000000000e+01
2.930500000000000000e+07	1.400000000000000000e+01
2.931000000000000000e+07	1.400000000000000000e+01
2.931500000000000000e+07	1.400000000000000000e+01
2.932000000000000000e+07	1.400000000000000000e+01
2.932500000000000000e+07	1.400000000000000000e+01
2.933000000000000000e+07	1.400000000000000000e+01
2.933500000000000000e+07	1.400000000000000000e+01
2.934000000000000000e+07	1.400000000000000000e+01
2.934500000000000000e+07	1.400000000000000000e+01
2.935000000000000000e+07	1.400000000000000000e+01
2.935500000000000000e+07	1.400000000000000000e+01
2.936000000000000000e+07	1.400000000000000000e+01
2.936500000000000000e+07	1.400000000000000000e+01
2.937500000000000000e+07	1.400000000000000000e+01
2.939000000000000000e+07	1.400000000000000000e+01
2.962000000000000000e+07	1.400000000000000000e+01
2.962500000000000000e+07	1.400000000000000000e+01
2.963000000000000000e+07	1.400000000000000000e+01
2.963500000000000000e+07	1.400000000000000000e+01
2.964000000000000000e+07	1.400000000000000000e+01
2.964500000000000000e+07	1.400000000000000000e+01
2.965000000000000000e+07	1.400000000000000000e+01
2.965500000000000000e+07	1.400000000000000000e+01
2.966000000000000000e+07	1.400000000000000000e+01
2.966500000000000000e+07	1.400000000000000000e+01
2.967000000000000000e+07	1.400000000000000000e+01
2.967500000000000000e+07	1.400000000000000000e+01
2.968000000000000000e+07	1.400000000000000000e+01
2.968500000000000000e+07	1.400000000000000000e+01
2.969000000000000000e+07	1.400000000000000000e+01
2.969500000000000000e+07	1.400000000000000000e+01
2.970000000000000000e+07	1.400000000000000000e+01
2.970500000000000000e+07	1.400000000000000000e+01
2.971000000000000000e+07	1.400000000000000000e+01
2.971500000000000000e+07	1.400000000000000000e+01
2.972000000000000000e+07	1.400000000000000000e+01
2.972500000000000000e+07	1.400000000000000000e+01
2.973000000000000000e+07	1.400000000000000000e+01
2.973500000000000000e+07	1.400000000000000000e+01
2.974000000000000000e+07	1.400000000000000000e+01
2.974500000000000000e+07	1.400000000000000000e+01
2.975000000000000000e+07	1.400000000000000000e+01
2.975500000000000000e+07	1.400000000000000000e+01
2.976000000000000000e+07	1.400000000000000000e+01
2.976500000000000000e+07	1.400000000000000000e+01
2.977000000000000000e+07	1.400000000000000000e+01
2.977500000000000000e+07	1.400000000000000000e+01
2.978000000000000000e+07	1.400000000000000000e+01
2.978500000000000000e+07	1.400000000000000000e+01
2.979000000000000000e+07	1.400000000000000000e+01
2.979500000000000000e+07	1.400000000000000000e+01
2.980000000000000000e+07	1.400000000000000000e+01
2.980500000000000000e+07	1.400000000000000000e+01
2.981000000000000000e+07	1.400000000000000000e+01
2.981500000000000000e+07	1.400000000000000000e+01
2.982000000000000000e+07	1.400000000000000000e+01
2.982500000000000000e+07	1.400000000000000000e+01
2.983000000000000000e+07	1.400000000000000000e+01
2.983500000000000000e+07	1.400000000000000000e+01
2.984000000000000000e+07	1.400000000000000000e+01
2.984500000000000000e+07	1.400000000000000000e+01
2.985000000000000000e+07	1.400000000000000000e+01
2.985500000000000000e+07	1.400000000000000000e+01
2.986000000000000000e+07	1.400000000000000000e+01
2.986500000000000000e+07	1.400000000000000000e+01
2.987000000000000000e+07	1.400000000000000000e+01
2.987500000000000000e+07	1.400000000000000000e+01
2.988000000000000000e+07	1.400000000000000000e+01
2.988500000000000000e+07	1.400000000000000000e+01
2.989000000000000000e+07	1.400000000000000000e+01
2.989500000000000000e+07	1.400000000000000000e+01
2.990000000000000000e+07	1.400000000000000000e+01
2.990500000000000000e+07	1.400000000000000000e+01
2.991000000000000000e+07	1.400000000000000000e+01
2.991500000000000000e+07	1.400000000000000000e+01
2.992000000000000000e+07	1.400000000000000000e+01
2.992500000000000000e+07	1.400000000000000000e+01
2.993000000000000000e+07	1.400000000000000000e+01
2.993500000000000000e+07	1.400000000000000000e+01
2.994000000000000000e+07	1.400000000000000000e+01
2.994500000000000000e+07	1.400000000000000000e+01
2.995000000000000000e+07	1.400000000000000000e+01
2.995500000000000000e+07	1.400000000000000000e+01
2.996000000000000000e+07	1.400000000000000000e+01
2.996500000000000000e+07	1.400000000000000000e+01
2.997000000000000000e+07	1.400000000000000000e+01
2.997500000000000000e+07	1.400000000000000000e+01
2.998000000000000000e+07	1.400000000000000000e+01
2.998500000000000000e+07	1.400000000000000000e+01
2.999000000000000000e+07	1.400000000000000000e+01
2.999500000000000000e+07	1.400000000000000000e+01
3.000000000000000000e+07	1.400000000000000000e+01
