1.320000000000000000e+06	1.000000000000000000e+00
1.325000000000000000e+06	1.000000000000000000e+00
1.355000000000000000e+06	1.000000000000000000e+00
1.370000000000000000e+06	1.000000000000000000e+00
1.375000000000000000e+06	1.000000000000000000e+00
1.380000000000000000e+06	1.000000000000000000e+00
1.385000000000000000e+06	1.000000000000000000e+00
1.390000000000000000e+06	1.000000000000000000e+00
1.395000000000000000e+06	1.000000000000000000e+00
1.400000000000000000e+06	1.000000000000000000e+00
1.405000000000000000e+06	1.000000000000000000e+00
1.410000000000000000e+06	1.000000000000000000e+00
1.415000000000000000e+06	1.000000000000000000e+00
1.420000000000000000e+06	1.000000000000000000e+00
1.425000000000000000e+06	1.000000000000000000e+00
1.430000000000000000e+06	1.000000000000000000e+00
1.435000000000000000e+06	1.000000000000000000e+00
1.440000000000000000e+06	1.000000000000000000e+00
1.445000000000000000e+06	1.000000000000000000e+00
1.450000000000000000e+06	1.000000000000000000e+00
1.455000000000000000e+06	1.000000000000000000e+00
1.460000000000000000e+06	1.000000000000000000e+00
1.465000000000000000e+06	1.000000000000000000e+00
1.470000000000000000e+06	1.000000000000000000e+00
1.475000000000000000e+06	1.000000000000000000e+00
1.480000000000000000e+06	1.000000000000000000e+00
1.485000000000000000e+06	1.000000000000000000e+00
1.490000000000000000e+06	1.000000000000000000e+00
1.495000000000000000e+06	1.000000000000000000e+00
1.500000000000000000e+06	1.000000000000000000e+00
1.505000000000000000e+06	1.000000000000000000e+00
1.510000000000000000e+06	1.000000000000000000e+00
1.515000000000000000e+06	1.000000000000000000e+00
1.520000000000000000e+06	1.000000000000000000e+00
1.525000000000000000e+06	1.000000000000000000e+00
1.530000000000000000e+06	1.000000000000000000e+00
1.535000000000000000e+06	1.000000000000000000e+00
1.540000000000000000e+06	1.000000000000000000e+00
1.545000000000000000e+06	1.000000000000000000e+00
1.550000000000000000e+06	1.000000000000000000e+00
1.555000000000000000e+06	1.000000000000000000e+00
1.560000000000000000e+06	1.000000000000000000e+00
1.565000000000000000e+06	1.000000000000000000e+00
1.570000000000000000e+06	1.000000000000000000e+00
1.575000000000000000e+06	1.000000000000000000e+00
1.580000000000000000e+06	1.000000000000000000e+00
1.585000000000000000e+06	1.000000000000000000e+00
1.590000000000000000e+06	1.000000000000000000e+00
1.595000000000000000e+06	1.000000000000000000e+00
1.600000000000000000e+06	1.000000000000000000e+00
1.605000000000000000e+06	1.000000000000000000e+00
1.610000000000000000e+06	1.000000000000000000e+00
1.615000000000000000e+06	1.000000000000000000e+00
1.620000000000000000e+06	1.000000000000000000e+00
1.625000000000000000e+06	1.000000000000000000e+00
1.630000000000000000e+06	1.000000000000000000e+00
1.635000000000000000e+06	1.000000000000000000e+00
1.640000000000000000e+06	1.000000000000000000e+00
1.645000000000000000e+06	1.000000000000000000e+00
1.650000000000000000e+06	1.000000000000000000e+00
1.655000000000000000e+06	1.000000000000000000e+00
1.660000000000000000e+06	1.000000000000000000e+00
1.665000000000000000e+06	1.000000000000000000e+00
1.670000000000000000e+06	1.000000000000000000e+00
1.675000000000000000e+06	1.000000000000000000e+00
1.680000000000000000e+06	1.000000000000000000e+00
1.685000000000000000e+06	1.000000000000000000e+00
1.690000000000000000e+06	1.000000000000000000e+00
1.695000000000000000e+06	1.000000000000000000e+00
1.700000000000000000e+06	1.000000000000000000e+00
1.705000000000000000e+06	1.000000000000000000e+00
1.710000000000000000e+06	1.000000000000000000e+00
1.715000000000000000e+06	1.000000000000000000e+00
1.720000000000000000e+06	1.000000000000000000e+00
1.725000000000000000e+06	1.000000000000000000e+00
1.730000000000000000e+06	1.000000000000000000e+00
1.735000000000000000e+06	1.000000000000000000e+00
1.740000000000000000e+06	1.000000000000000000e+00
1.745000000000000000e+06	1.000000000000000000e+00
1.750000000000000000e+06	1.000000000000000000e+00
1.755000000000000000e+06	1.000000000000000000e+00
1.760000000000000000e+06	1.000000000000000000e+00
1.765000000000000000e+06	1.000000000000000000e+00
1.770000000000000000e+06	1.000000000000000000e+00
1.775000000000000000e+06	1.000000000000000000e+00
1.780000000000000000e+06	1.000000000000000000e+00
1.785000000000000000e+06	1.000000000000000000e+00
1.790000000000000000e+06	1.000000000000000000e+00
1.795000000000000000e+06	1.000000000000000000e+00
1.800000000000000000e+06	1.000000000000000000e+00
1.805000000000000000e+06	1.000000000000000000e+00
1.810000000000000000e+06	1.000000000000000000e+00
1.815000000000000000e+06	1.000000000000000000e+00
1.820000000000000000e+06	1.000000000000000000e+00
1.825000000000000000e+06	1.000000000000000000e+00
1.830000000000000000e+06	1.000000000000000000e+00
1.835000000000000000e+06	1.000000000000000000e+00
1.840000000000000000e+06	1.000000000000000000e+00
1.845000000000000000e+06	1.000000000000000000e+00
1.850000000000000000e+06	1.000000000000000000e+00
1.855000000000000000e+06	1.000000000000000000e+00
1.860000000000000000e+06	1.000000000000000000e+00
1.865000000000000000e+06	1.000000000000000000e+00
1.870000000000000000e+06	1.000000000000000000e+00
1.875000000000000000e+06	1.000000000000000000e+00
1.880000000000000000e+06	1.000000000000000000e+00
1.885000000000000000e+06	1.000000000000000000e+00
1.890000000000000000e+06	1.000000000000000000e+00
1.895000000000000000e+06	1.000000000000000000e+00
1.900000000000000000e+06	1.000000000000000000e+00
1.905000000000000000e+06	1.000000000000000000e+00
1.910000000000000000e+06	1.000000000000000000e+00
1.915000000000000000e+06	1.000000000000000000e+00
1.920000000000000000e+06	1.000000000000000000e+00
1.925000000000000000e+06	1.000000000000000000e+00
1.930000000000000000e+06	1.000000000000000000e+00
1.935000000000000000e+06	1.000000000000000000e+00
1.940000000000000000e+06	1.000000000000000000e+00
1.945000000000000000e+06	1.000000000000000000e+00
1.950000000000000000e+06	1.000000000000000000e+00
1.955000000000000000e+06	1.000000000000000000e+00
1.960000000000000000e+06	1.000000000000000000e+00
1.965000000000000000e+06	1.000000000000000000e+00
1.970000000000000000e+06	1.000000000000000000e+00
1.975000000000000000e+06	1.000000000000000000e+00
1.980000000000000000e+06	1.000000000000000000e+00
1.985000000000000000e+06	1.000000000000000000e+00
1.990000000000000000e+06	1.000000000000000000e+00
1.995000000000000000e+06	1.000000000000000000e+00
2.000000000000000000e+06	1.000000000000000000e+00
2.005000000000000000e+06	1.000000000000000000e+00
2.010000000000000000e+06	1.000000000000000000e+00
2.015000000000000000e+06	1.000000000000000000e+00
2.020000000000000000e+06	1.000000000000000000e+00
2.025000000000000000e+06	1.000000000000000000e+00
2.030000000000000000e+06	1.000000000000000000e+00
2.035000000000000000e+06	1.000000000000000000e+00
2.040000000000000000e+06	1.000000000000000000e+00
2.045000000000000000e+06	1.000000000000000000e+00
2.050000000000000000e+06	1.000000000000000000e+00
2.055000000000000000e+06	1.000000000000000000e+00
2.060000000000000000e+06	1.000000000000000000e+00
2.065000000000000000e+06	1.000000000000000000e+00
2.070000000000000000e+06	1.000000000000000000e+00
2.105000000000000000e+06	1.000000000000000000e+00
2.110000000000000000e+06	1.000000000000000000e+00
2.115000000000000000e+06	1.000000000000000000e+00
2.120000000000000000e+06	1.000000000000000000e+00
2.125000000000000000e+06	1.000000000000000000e+00
2.130000000000000000e+06	1.000000000000000000e+00
2.135000000000000000e+06	1.000000000000000000e+00
2.140000000000000000e+06	1.000000000000000000e+00
2.145000000000000000e+06	1.000000000000000000e+00
2.150000000000000000e+06	1.000000000000000000e+00
2.155000000000000000e+06	1.000000000000000000e+00
2.160000000000000000e+06	1.000000000000000000e+00
2.165000000000000000e+06	1.000000000000000000e+00
2.170000000000000000e+06	1.000000000000000000e+00
2.175000000000000000e+06	1.000000000000000000e+00
2.180000000000000000e+06	1.000000000000000000e+00
2.185000000000000000e+06	1.000000000000000000e+00
2.190000000000000000e+06	1.000000000000000000e+00
2.195000000000000000e+06	1.000000000000000000e+00
2.200000000000000000e+06	1.000000000000000000e+00
2.205000000000000000e+06	1.000000000000000000e+00
2.210000000000000000e+06	1.000000000000000000e+00
2.215000000000000000e+06	1.000000000000000000e+00
2.220000000000000000e+06	1.000000000000000000e+00
2.225000000000000000e+06	1.000000000000000000e+00
2.230000000000000000e+06	1.000000000000000000e+00
2.235000000000000000e+06	1.000000000000000000e+00
2.240000000000000000e+06	1.000000000000000000e+00
2.245000000000000000e+06	1.000000000000000000e+00
2.250000000000000000e+06	1.000000000000000000e+00
2.255000000000000000e+06	1.000000000000000000e+00
2.260000000000000000e+06	1.000000000000000000e+00
2.265000000000000000e+06	1.000000000000000000e+00
2.270000000000000000e+06	1.000000000000000000e+00
2.275000000000000000e+06	1.000000000000000000e+00
2.280000000000000000e+06	1.000000000000000000e+00
2.285000000000000000e+06	1.000000000000000000e+00
2.290000000000000000e+06	1.000000000000000000e+00
2.295000000000000000e+06	1.000000000000000000e+00
2.300000000000000000e+06	1.000000000000000000e+00
2.305000000000000000e+06	1.000000000000000000e+00
2.310000000000000000e+06	1.000000000000000000e+00
2.315000000000000000e+06	1.000000000000000000e+00
2.320000000000000000e+06	1.000000000000000000e+00
2.325000000000000000e+06	1.000000000000000000e+00
2.330000000000000000e+06	1.000000000000000000e+00
2.335000000000000000e+06	1.000000000000000000e+00
2.340000000000000000e+06	1.000000000000000000e+00
2.345000000000000000e+06	1.000000000000000000e+00
2.350000000000000000e+06	1.000000000000000000e+00
2.355000000000000000e+06	1.000000000000000000e+00
2.360000000000000000e+06	1.000000000000000000e+00
2.365000000000000000e+06	1.000000000000000000e+00
2.370000000000000000e+06	1.000000000000000000e+00
2.375000000000000000e+06	1.000000000000000000e+00
2.380000000000000000e+06	1.000000000000000000e+00
2.385000000000000000e+06	1.000000000000000000e+00
2.390000000000000000e+06	1.000000000000000000e+00
2.395000000000000000e+06	1.000000000000000000e+00
2.400000000000000000e+06	1.000000000000000000e+00
2.405000000000000000e+06	1.000000000000000000e+00
2.410000000000000000e+06	1.000000000000000000e+00
2.415000000000000000e+06	1.000000000000000000e+00
2.420000000000000000e+06	1.000000000000000000e+00
2.425000000000000000e+06	1.000000000000000000e+00
2.430000000000000000e+06	1.000000000000000000e+00
2.435000000000000000e+06	1.000000000000000000e+00
2.440000000000000000e+06	1.000000000000000000e+00
2.445000000000000000e+06	1.000000000000000000e+00
2.450000000000000000e+06	1.000000000000000000e+00
2.455000000000000000e+06	1.000000000000000000e+00
2.465000000000000000e+06	1.000000000000000000e+00
2.470000000000000000e+06	1.000000000000000000e+00
2.475000000000000000e+06	1.000000000000000000e+00
2.480000000000000000e+06	1.000000000000000000e+00
2.485000000000000000e+06	1.000000000000000000e+00
2.490000000000000000e+06	1.000000000000000000e+00
2.495000000000000000e+06	1.000000000000000000e+00
2.500000000000000000e+06	1.000000000000000000e+00
2.505000000000000000e+06	1.000000000000000000e+00
2.510000000000000000e+06	1.000000000000000000e+00
2.515000000000000000e+06	1.000000000000000000e+00
2.520000000000000000e+06	1.000000000000000000e+00
2.525000000000000000e+06	1.000000000000000000e+00
2.530000000000000000e+06	1.000000000000000000e+00
2.535000000000000000e+06	1.000000000000000000e+00
2.540000000000000000e+06	1.000000000000000000e+00
2.545000000000000000e+06	1.000000000000000000e+00
2.550000000000000000e+06	1.000000000000000000e+00
2.555000000000000000e+06	1.000000000000000000e+00
2.560000000000000000e+06	1.000000000000000000e+00
2.565000000000000000e+06	1.000000000000000000e+00
2.570000000000000000e+06	1.000000000000000000e+00
2.575000000000000000e+06	1.000000000000000000e+00
2.580000000000000000e+06	1.000000000000000000e+00
2.585000000000000000e+06	1.000000000000000000e+00
2.590000000000000000e+06	1.000000000000000000e+00
2.595000000000000000e+06	1.000000000000000000e+00
2.600000000000000000e+06	1.000000000000000000e+00
2.605000000000000000e+06	1.000000000000000000e+00
2.610000000000000000e+06	1.000000000000000000e+00
2.615000000000000000e+06	1.000000000000000000e+00
2.620000000000000000e+06	1.000000000000000000e+00
2.625000000000000000e+06	1.000000000000000000e+00
2.630000000000000000e+06	1.000000000000000000e+00
2.635000000000000000e+06	1.000000000000000000e+00
2.640000000000000000e+06	1.000000000000000000e+00
2.645000000000000000e+06	1.000000000000000000e+00
2.650000000000000000e+06	1.000000000000000000e+00
2.655000000000000000e+06	1.000000000000000000e+00
2.660000000000000000e+06	1.000000000000000000e+00
2.665000000000000000e+06	1.000000000000000000e+00
2.670000000000000000e+06	1.000000000000000000e+00
2.675000000000000000e+06	1.000000000000000000e+00
2.680000000000000000e+06	1.000000000000000000e+00
2.685000000000000000e+06	1.000000000000000000e+00
2.690000000000000000e+06	1.000000000000000000e+00
2.695000000000000000e+06	1.000000000000000000e+00
2.700000000000000000e+06	1.000000000000000000e+00
2.705000000000000000e+06	1.000000000000000000e+00
2.710000000000000000e+06	1.000000000000000000e+00
2.715000000000000000e+06	1.000000000000000000e+00
2.720000000000000000e+06	1.000000000000000000e+00
2.725000000000000000e+06	1.000000000000000000e+00
2.730000000000000000e+06	1.000000000000000000e+00
2.735000000000000000e+06	1.000000000000000000e+00
2.740000000000000000e+06	1.000000000000000000e+00
2.745000000000000000e+06	1.000000000000000000e+00
2.750000000000000000e+06	1.000000000000000000e+00
2.755000000000000000e+06	1.000000000000000000e+00
2.760000000000000000e+06	1.000000000000000000e+00
2.765000000000000000e+06	1.000000000000000000e+00
2.770000000000000000e+06	1.000000000000000000e+00
2.780000000000000000e+06	1.000000000000000000e+00
2.785000000000000000e+06	1.000000000000000000e+00
2.790000000000000000e+06	1.000000000000000000e+00
2.795000000000000000e+06	1.000000000000000000e+00
2.800000000000000000e+06	1.000000000000000000e+00
2.805000000000000000e+06	1.000000000000000000e+00
2.810000000000000000e+06	1.000000000000000000e+00
2.815000000000000000e+06	1.000000000000000000e+00
2.820000000000000000e+06	1.000000000000000000e+00
2.825000000000000000e+06	1.000000000000000000e+00
2.830000000000000000e+06	1.000000000000000000e+00
2.835000000000000000e+06	1.000000000000000000e+00
2.840000000000000000e+06	1.000000000000000000e+00
2.845000000000000000e+06	1.000000000000000000e+00
2.870000000000000000e+06	1.000000000000000000e+00
2.875000000000000000e+06	1.000000000000000000e+00
2.880000000000000000e+06	1.000000000000000000e+00
2.885000000000000000e+06	1.000000000000000000e+00
2.890000000000000000e+06	1.000000000000000000e+00
2.895000000000000000e+06	1.000000000000000000e+00
2.900000000000000000e+06	1.000000000000000000e+00
2.905000000000000000e+06	1.000000000000000000e+00
2.910000000000000000e+06	1.000000000000000000e+00
2.915000000000000000e+06	1.000000000000000000e+00
2.920000000000000000e+06	1.000000000000000000e+00
2.925000000000000000e+06	1.000000000000000000e+00
2.930000000000000000e+06	1.000000000000000000e+00
2.935000000000000000e+06	1.000000000000000000e+00
2.940000000000000000e+06	1.000000000000000000e+00
2.945000000000000000e+06	1.000000000000000000e+00
2.950000000000000000e+06	1.000000000000000000e+00
2.955000000000000000e+06	1.000000000000000000e+00
2.960000000000000000e+06	1.000000000000000000e+00
2.965000000000000000e+06	1.000000000000000000e+00
2.970000000000000000e+06	1.000000000000000000e+00
2.975000000000000000e+06	1.000000000000000000e+00
2.980000000000000000e+06	1.000000000000000000e+00
2.985000000000000000e+06	1.000000000000000000e+00
2.990000000000000000e+06	1.000000000000000000e+00
2.995000000000000000e+06	1.000000000000000000e+00
3.000000000000000000e+06	1.000000000000000000e+00
3.005000000000000000e+06	1.000000000000000000e+00
3.010000000000000000e+06	1.000000000000000000e+00
3.015000000000000000e+06	1.000000000000000000e+00
3.020000000000000000e+06	1.000000000000000000e+00
3.025000000000000000e+06	1.000000000000000000e+00
3.030000000000000000e+06	1.000000000000000000e+00
3.035000000000000000e+06	1.000000000000000000e+00
3.040000000000000000e+06	1.000000000000000000e+00
3.045000000000000000e+06	1.000000000000000000e+00
3.050000000000000000e+06	1.000000000000000000e+00
3.055000000000000000e+06	1.000000000000000000e+00
3.060000000000000000e+06	1.000000000000000000e+00
3.065000000000000000e+06	1.000000000000000000e+00
3.070000000000000000e+06	1.000000000000000000e+00
3.075000000000000000e+06	1.000000000000000000e+00
3.080000000000000000e+06	1.000000000000000000e+00
3.085000000000000000e+06	1.000000000000000000e+00
3.090000000000000000e+06	1.000000000000000000e+00
3.095000000000000000e+06	1.000000000000000000e+00
3.100000000000000000e+06	1.000000000000000000e+00
3.105000000000000000e+06	1.000000000000000000e+00
3.110000000000000000e+06	1.000000000000000000e+00
3.115000000000000000e+06	1.000000000000000000e+00
3.120000000000000000e+06	1.000000000000000000e+00
3.125000000000000000e+06	1.000000000000000000e+00
3.130000000000000000e+06	1.000000000000000000e+00
3.135000000000000000e+06	1.000000000000000000e+00
3.175000000000000000e+06	1.000000000000000000e+00
3.185000000000000000e+06	1.000000000000000000e+00
3.190000000000000000e+06	1.000000000000000000e+00
3.195000000000000000e+06	1.000000000000000000e+00
3.200000000000000000e+06	1.000000000000000000e+00
3.205000000000000000e+06	1.000000000000000000e+00
3.210000000000000000e+06	1.000000000000000000e+00
3.215000000000000000e+06	1.000000000000000000e+00
3.220000000000000000e+06	1.000000000000000000e+00
3.225000000000000000e+06	1.000000000000000000e+00
3.230000000000000000e+06	1.000000000000000000e+00
3.235000000000000000e+06	1.000000000000000000e+00
3.240000000000000000e+06	1.000000000000000000e+00
3.245000000000000000e+06	1.000000000000000000e+00
3.250000000000000000e+06	1.000000000000000000e+00
3.255000000000000000e+06	1.000000000000000000e+00
3.260000000000000000e+06	1.000000000000000000e+00
3.265000000000000000e+06	1.000000000000000000e+00
3.270000000000000000e+06	1.000000000000000000e+00
3.275000000000000000e+06	1.000000000000000000e+00
3.280000000000000000e+06	1.000000000000000000e+00
3.285000000000000000e+06	1.000000000000000000e+00
3.290000000000000000e+06	1.000000000000000000e+00
3.295000000000000000e+06	1.000000000000000000e+00
3.300000000000000000e+06	1.000000000000000000e+00
3.305000000000000000e+06	1.000000000000000000e+00
3.310000000000000000e+06	1.000000000000000000e+00
3.315000000000000000e+06	1.000000000000000000e+00
3.320000000000000000e+06	1.000000000000000000e+00
3.325000000000000000e+06	1.000000000000000000e+00
3.330000000000000000e+06	1.000000000000000000e+00
3.335000000000000000e+06	1.000000000000000000e+00
3.340000000000000000e+06	1.000000000000000000e+00
3.345000000000000000e+06	1.000000000000000000e+00
3.350000000000000000e+06	1.000000000000000000e+00
3.355000000000000000e+06	1.000000000000000000e+00
3.360000000000000000e+06	1.000000000000000000e+00
3.365000000000000000e+06	1.000000000000000000e+00
3.370000000000000000e+06	1.000000000000000000e+00
3.375000000000000000e+06	1.000000000000000000e+00
3.380000000000000000e+06	1.000000000000000000e+00
3.385000000000000000e+06	1.000000000000000000e+00
3.390000000000000000e+06	1.000000000000000000e+00
3.395000000000000000e+06	1.000000000000000000e+00
3.400000000000000000e+06	1.000000000000000000e+00
3.405000000000000000e+06	1.000000000000000000e+00
3.410000000000000000e+06	1.000000000000000000e+00
3.415000000000000000e+06	1.000000000000000000e+00
3.420000000000000000e+06	1.000000000000000000e+00
3.425000000000000000e+06	1.000000000000000000e+00
3.430000000000000000e+06	1.000000000000000000e+00
3.435000000000000000e+06	1.000000000000000000e+00
3.440000000000000000e+06	1.000000000000000000e+00
3.445000000000000000e+06	1.000000000000000000e+00
3.450000000000000000e+06	1.000000000000000000e+00
3.455000000000000000e+06	1.000000000000000000e+00
3.460000000000000000e+06	1.000000000000000000e+00
3.465000000000000000e+06	1.000000000000000000e+00
3.470000000000000000e+06	1.000000000000000000e+00
3.475000000000000000e+06	1.000000000000000000e+00
3.480000000000000000e+06	1.000000000000000000e+00
3.485000000000000000e+06	1.000000000000000000e+00
3.490000000000000000e+06	1.000000000000000000e+00
3.495000000000000000e+06	1.000000000000000000e+00
3.500000000000000000e+06	1.000000000000000000e+00
3.505000000000000000e+06	1.000000000000000000e+00
3.510000000000000000e+06	1.000000000000000000e+00
3.515000000000000000e+06	1.000000000000000000e+00
3.520000000000000000e+06	1.000000000000000000e+00
3.525000000000000000e+06	1.000000000000000000e+00
3.530000000000000000e+06	1.000000000000000000e+00
3.535000000000000000e+06	1.000000000000000000e+00
3.540000000000000000e+06	1.000000000000000000e+00
3.545000000000000000e+06	1.000000000000000000e+00
3.550000000000000000e+06	1.000000000000000000e+00
3.555000000000000000e+06	1.000000000000000000e+00
3.560000000000000000e+06	1.000000000000000000e+00
3.565000000000000000e+06	1.000000000000000000e+00
3.570000000000000000e+06	1.000000000000000000e+00
3.575000000000000000e+06	1.000000000000000000e+00
3.580000000000000000e+06	1.000000000000000000e+00
3.585000000000000000e+06	1.000000000000000000e+00
3.590000000000000000e+06	1.000000000000000000e+00
3.595000000000000000e+06	1.000000000000000000e+00
3.600000000000000000e+06	1.000000000000000000e+00
3.605000000000000000e+06	1.000000000000000000e+00
3.610000000000000000e+06	1.000000000000000000e+00
3.615000000000000000e+06	1.000000000000000000e+00
3.620000000000000000e+06	1.000000000000000000e+00
3.625000000000000000e+06	1.000000000000000000e+00
3.630000000000000000e+06	1.000000000000000000e+00
3.635000000000000000e+06	1.000000000000000000e+00
3.640000000000000000e+06	1.000000000000000000e+00
3.645000000000000000e+06	1.000000000000000000e+00
3.655000000000000000e+06	1.000000000000000000e+00
3.660000000000000000e+06	1.000000000000000000e+00
3.675000000000000000e+06	1.000000000000000000e+00
3.680000000000000000e+06	1.000000000000000000e+00
3.685000000000000000e+06	1.000000000000000000e+00
3.690000000000000000e+06	1.000000000000000000e+00
3.695000000000000000e+06	1.000000000000000000e+00
3.700000000000000000e+06	1.000000000000000000e+00
3.705000000000000000e+06	1.000000000000000000e+00
3.710000000000000000e+06	1.000000000000000000e+00
3.715000000000000000e+06	1.000000000000000000e+00
3.720000000000000000e+06	1.000000000000000000e+00
3.725000000000000000e+06	1.000000000000000000e+00
3.730000000000000000e+06	1.000000000000000000e+00
3.735000000000000000e+06	1.000000000000000000e+00
3.740000000000000000e+06	1.000000000000000000e+00
3.745000000000000000e+06	1.000000000000000000e+00
3.750000000000000000e+06	1.000000000000000000e+00
3.755000000000000000e+06	1.000000000000000000e+00
3.760000000000000000e+06	1.000000000000000000e+00
3.765000000000000000e+06	1.000000000000000000e+00
3.770000000000000000e+06	1.000000000000000000e+00
3.775000000000000000e+06	1.000000000000000000e+00
3.780000000000000000e+06	1.000000000000000000e+00
3.785000000000000000e+06	1.000000000000000000e+00
3.790000000000000000e+06	1.000000000000000000e+00
3.795000000000000000e+06	1.000000000000000000e+00
3.800000000000000000e+06	1.000000000000000000e+00
3.805000000000000000e+06	1.000000000000000000e+00
3.810000000000000000e+06	1.000000000000000000e+00
3.815000000000000000e+06	1.000000000000000000e+00
3.820000000000000000e+06	1.000000000000000000e+00
3.825000000000000000e+06	1.000000000000000000e+00
3.830000000000000000e+06	1.000000000000000000e+00
3.835000000000000000e+06	1.000000000000000000e+00
3.840000000000000000e+06	1.000000000000000000e+00
3.845000000000000000e+06	1.000000000000000000e+00
3.850000000000000000e+06	1.000000000000000000e+00
3.855000000000000000e+06	1.000000000000000000e+00
3.860000000000000000e+06	1.000000000000000000e+00
3.865000000000000000e+06	1.000000000000000000e+00
3.870000000000000000e+06	1.000000000000000000e+00
3.875000000000000000e+06	1.000000000000000000e+00
3.880000000000000000e+06	1.000000000000000000e+00
3.885000000000000000e+06	1.000000000000000000e+00
3.890000000000000000e+06	1.000000000000000000e+00
3.895000000000000000e+06	1.000000000000000000e+00
3.900000000000000000e+06	1.000000000000000000e+00
3.905000000000000000e+06	1.000000000000000000e+00
3.910000000000000000e+06	1.000000000000000000e+00
3.915000000000000000e+06	1.000000000000000000e+00
3.920000000000000000e+06	1.000000000000000000e+00
3.925000000000000000e+06	1.000000000000000000e+00
3.930000000000000000e+06	1.000000000000000000e+00
3.935000000000000000e+06	1.000000000000000000e+00
3.940000000000000000e+06	1.000000000000000000e+00
3.945000000000000000e+06	1.000000000000000000e+00
3.950000000000000000e+06	1.000000000000000000e+00
3.955000000000000000e+06	1.000000000000000000e+00
3.960000000000000000e+06	1.000000000000000000e+00
3.965000000000000000e+06	1.000000000000000000e+00
3.970000000000000000e+06	1.000000000000000000e+00
3.975000000000000000e+06	1.000000000000000000e+00
3.980000000000000000e+06	1.000000000000000000e+00
3.990000000000000000e+06	1.000000000000000000e+00
3.995000000000000000e+06	1.000000000000000000e+00
4.000000000000000000e+06	1.000000000000000000e+00
4.005000000000000000e+06	1.000000000000000000e+00
4.010000000000000000e+06	1.000000000000000000e+00
4.015000000000000000e+06	1.000000000000000000e+00
4.020000000000000000e+06	1.000000000000000000e+00
4.025000000000000000e+06	1.000000000000000000e+00
4.035000000000000000e+06	1.000000000000000000e+00
4.045000000000000000e+06	1.000000000000000000e+00
4.050000000000000000e+06	1.000000000000000000e+00
4.055000000000000000e+06	1.000000000000000000e+00
4.060000000000000000e+06	1.000000000000000000e+00
4.065000000000000000e+06	1.000000000000000000e+00
4.070000000000000000e+06	1.000000000000000000e+00
4.075000000000000000e+06	1.000000000000000000e+00
4.080000000000000000e+06	1.000000000000000000e+00
4.085000000000000000e+06	1.000000000000000000e+00
4.240000000000000000e+06	1.000000000000000000e+00
4.335000000000000000e+06	1.000000000000000000e+00
4.340000000000000000e+06	1.000000000000000000e+00
4.345000000000000000e+06	1.000000000000000000e+00
4.350000000000000000e+06	1.000000000000000000e+00
4.370000000000000000e+06	1.000000000000000000e+00
4.375000000000000000e+06	1.000000000000000000e+00
4.380000000000000000e+06	1.000000000000000000e+00
4.385000000000000000e+06	1.000000000000000000e+00
4.390000000000000000e+06	1.000000000000000000e+00
4.450000000000000000e+06	1.000000000000000000e+00
4.490000000000000000e+06	1.000000000000000000e+00
4.495000000000000000e+06	1.000000000000000000e+00
4.500000000000000000e+06	1.000000000000000000e+00
4.505000000000000000e+06	1.000000000000000000e+00
4.510000000000000000e+06	1.000000000000000000e+00
4.515000000000000000e+06	1.000000000000000000e+00
4.520000000000000000e+06	1.000000000000000000e+00
4.525000000000000000e+06	1.000000000000000000e+00
4.530000000000000000e+06	1.000000000000000000e+00
4.535000000000000000e+06	1.000000000000000000e+00
4.540000000000000000e+06	1.000000000000000000e+00
4.545000000000000000e+06	1.000000000000000000e+00
4.550000000000000000e+06	1.000000000000000000e+00
4.555000000000000000e+06	1.000000000000000000e+00
4.560000000000000000e+06	1.000000000000000000e+00
4.565000000000000000e+06	1.000000000000000000e+00
4.570000000000000000e+06	1.000000000000000000e+00
4.575000000000000000e+06	1.000000000000000000e+00
4.580000000000000000e+06	1.000000000000000000e+00
4.585000000000000000e+06	1.000000000000000000e+00
4.590000000000000000e+06	1.000000000000000000e+00
4.595000000000000000e+06	1.000000000000000000e+00
4.600000000000000000e+06	1.000000000000000000e+00
4.605000000000000000e+06	1.000000000000000000e+00
4.610000000000000000e+06	1.000000000000000000e+00
4.615000000000000000e+06	1.000000000000000000e+00
4.620000000000000000e+06	1.000000000000000000e+00
4.625000000000000000e+06	1.000000000000000000e+00
4.630000000000000000e+06	1.000000000000000000e+00
4.635000000000000000e+06	1.000000000000000000e+00
4.640000000000000000e+06	1.000000000000000000e+00
4.645000000000000000e+06	1.000000000000000000e+00
4.650000000000000000e+06	1.000000000000000000e+00
4.655000000000000000e+06	1.000000000000000000e+00
4.660000000000000000e+06	1.000000000000000000e+00
4.665000000000000000e+06	1.000000000000000000e+00
4.670000000000000000e+06	1.000000000000000000e+00
4.675000000000000000e+06	1.000000000000000000e+00
4.680000000000000000e+06	1.000000000000000000e+00
4.685000000000000000e+06	1.000000000000000000e+00
4.690000000000000000e+06	1.000000000000000000e+00
4.695000000000000000e+06	1.000000000000000000e+00
4.700000000000000000e+06	1.000000000000000000e+00
4.705000000000000000e+06	1.000000000000000000e+00
4.710000000000000000e+06	1.000000000000000000e+00
4.715000000000000000e+06	1.000000000000000000e+00
4.720000000000000000e+06	1.000000000000000000e+00
4.725000000000000000e+06	1.000000000000000000e+00
4.730000000000000000e+06	1.000000000000000000e+00
4.735000000000000000e+06	1.000000000000000000e+00
4.740000000000000000e+06	1.000000000000000000e+00
4.745000000000000000e+06	1.000000000000000000e+00
4.750000000000000000e+06	1.000000000000000000e+00
4.755000000000000000e+06	1.000000000000000000e+00
4.760000000000000000e+06	1.000000000000000000e+00
4.765000000000000000e+06	1.000000000000000000e+00
4.770000000000000000e+06	1.000000000000000000e+00
4.775000000000000000e+06	1.000000000000000000e+00
4.855000000000000000e+06	1.000000000000000000e+00
4.860000000000000000e+06	1.000000000000000000e+00
4.865000000000000000e+06	1.000000000000000000e+00
4.870000000000000000e+06	1.000000000000000000e+00
4.875000000000000000e+06	1.000000000000000000e+00
4.880000000000000000e+06	1.000000000000000000e+00
4.885000000000000000e+06	1.000000000000000000e+00
4.890000000000000000e+06	1.000000000000000000e+00
4.895000000000000000e+06	1.000000000000000000e+00
4.900000000000000000e+06	1.000000000000000000e+00
4.905000000000000000e+06	1.000000000000000000e+00
4.910000000000000000e+06	1.000000000000000000e+00
4.915000000000000000e+06	1.000000000000000000e+00
4.920000000000000000e+06	1.000000000000000000e+00
4.925000000000000000e+06	1.000000000000000000e+00
4.930000000000000000e+06	1.000000000000000000e+00
4.935000000000000000e+06	1.000000000000000000e+00
4.940000000000000000e+06	1.000000000000000000e+00
4.945000000000000000e+06	1.000000000000000000e+00
4.950000000000000000e+06	1.000000000000000000e+00
4.955000000000000000e+06	1.000000000000000000e+00
4.960000000000000000e+06	1.000000000000000000e+00
4.965000000000000000e+06	1.000000000000000000e+00
4.970000000000000000e+06	1.000000000000000000e+00
4.975000000000000000e+06	1.000000000000000000e+00
4.980000000000000000e+06	1.000000000000000000e+00
4.985000000000000000e+06	1.000000000000000000e+00
4.990000000000000000e+06	1.000000000000000000e+00
4.995000000000000000e+06	1.000000000000000000e+00
5.000000000000000000e+06	1.000000000000000000e+00
5.005000000000000000e+06	1.000000000000000000e+00
5.010000000000000000e+06	1.000000000000000000e+00
5.015000000000000000e+06	1.000000000000000000e+00
5.960000000000000000e+06	1.000000000000000000e+00
5.965000000000000000e+06	1.000000000000000000e+00
5.970000000000000000e+06	1.000000000000000000e+00
5.975000000000000000e+06	1.000000000000000000e+00
5.980000000000000000e+06	1.000000000000000000e+00
5.985000000000000000e+06	1.000000000000000000e+00
5.990000000000000000e+06	1.000000000000000000e+00
5.995000000000000000e+06	1.000000000000000000e+00
6.000000000000000000e+06	1.000000000000000000e+00
6.005000000000000000e+06	1.000000000000000000e+00
6.010000000000000000e+06	1.000000000000000000e+00
6.015000000000000000e+06	1.000000000000000000e+00
6.020000000000000000e+06	1.000000000000000000e+00
6.035000000000000000e+06	1.000000000000000000e+00
6.040000000000000000e+06	1.000000000000000000e+00
6.045000000000000000e+06	1.000000000000000000e+00
6.050000000000000000e+06	1.000000000000000000e+00
6.055000000000000000e+06	1.000000000000000000e+00
6.060000000000000000e+06	1.000000000000000000e+00
6.065000000000000000e+06	1.000000000000000000e+00
6.070000000000000000e+06	1.000000000000000000e+00
6.075000000000000000e+06	1.000000000000000000e+00
6.080000000000000000e+06	1.000000000000000000e+00
6.085000000000000000e+06	1.000000000000000000e+00
6.090000000000000000e+06	1.000000000000000000e+00
6.095000000000000000e+06	1.000000000000000000e+00
6.100000000000000000e+06	1.000000000000000000e+00
6.105000000000000000e+06	1.000000000000000000e+00
6.110000000000000000e+06	1.000000000000000000e+00
6.115000000000000000e+06	1.000000000000000000e+00
6.120000000000000000e+06	1.000000000000000000e+00
6.125000000000000000e+06	1.000000000000000000e+00
6.130000000000000000e+06	1.000000000000000000e+00
6.135000000000000000e+06	1.000000000000000000e+00
6.140000000000000000e+06	1.000000000000000000e+00
6.145000000000000000e+06	1.000000000000000000e+00
6.150000000000000000e+06	1.000000000000000000e+00
6.155000000000000000e+06	1.000000000000000000e+00
6.160000000000000000e+06	1.000000000000000000e+00
6.165000000000000000e+06	1.000000000000000000e+00
6.170000000000000000e+06	1.000000000000000000e+00
6.175000000000000000e+06	1.000000000000000000e+00
6.180000000000000000e+06	1.000000000000000000e+00
6.185000000000000000e+06	1.000000000000000000e+00
6.190000000000000000e+06	1.000000000000000000e+00
6.195000000000000000e+06	1.000000000000000000e+00
6.200000000000000000e+06	1.000000000000000000e+00
6.205000000000000000e+06	1.000000000000000000e+00
6.210000000000000000e+06	1.000000000000000000e+00
6.215000000000000000e+06	1.000000000000000000e+00
6.220000000000000000e+06	1.000000000000000000e+00
6.225000000000000000e+06	1.000000000000000000e+00
6.230000000000000000e+06	1.000000000000000000e+00
6.235000000000000000e+06	1.000000000000000000e+00
6.240000000000000000e+06	1.000000000000000000e+00
6.245000000000000000e+06	1.000000000000000000e+00
6.250000000000000000e+06	1.000000000000000000e+00
6.255000000000000000e+06	1.000000000000000000e+00
6.260000000000000000e+06	1.000000000000000000e+00
6.265000000000000000e+06	1.000000000000000000e+00
6.270000000000000000e+06	1.000000000000000000e+00
6.275000000000000000e+06	1.000000000000000000e+00
6.280000000000000000e+06	1.000000000000000000e+00
6.285000000000000000e+06	1.000000000000000000e+00
6.290000000000000000e+06	1.000000000000000000e+00
6.295000000000000000e+06	1.000000000000000000e+00
6.300000000000000000e+06	1.000000000000000000e+00
6.305000000000000000e+06	1.000000000000000000e+00
6.310000000000000000e+06	1.000000000000000000e+00
6.315000000000000000e+06	1.000000000000000000e+00
6.320000000000000000e+06	1.000000000000000000e+00
6.325000000000000000e+06	1.000000000000000000e+00
6.330000000000000000e+06	1.000000000000000000e+00
6.335000000000000000e+06	1.000000000000000000e+00
6.340000000000000000e+06	1.000000000000000000e+00
6.345000000000000000e+06	1.000000000000000000e+00
6.350000000000000000e+06	1.000000000000000000e+00
6.355000000000000000e+06	1.000000000000000000e+00
6.360000000000000000e+06	1.000000000000000000e+00
6.365000000000000000e+06	1.000000000000000000e+00
6.370000000000000000e+06	1.000000000000000000e+00
6.375000000000000000e+06	1.000000000000000000e+00
6.380000000000000000e+06	1.000000000000000000e+00
6.385000000000000000e+06	1.000000000000000000e+00
6.390000000000000000e+06	1.000000000000000000e+00
6.395000000000000000e+06	1.000000000000000000e+00
6.400000000000000000e+06	1.000000000000000000e+00
6.405000000000000000e+06	1.000000000000000000e+00
6.410000000000000000e+06	1.000000000000000000e+00
6.415000000000000000e+06	1.000000000000000000e+00
6.420000000000000000e+06	1.000000000000000000e+00
6.425000000000000000e+06	1.000000000000000000e+00
6.430000000000000000e+06	1.000000000000000000e+00
6.435000000000000000e+06	1.000000000000000000e+00
6.440000000000000000e+06	1.000000000000000000e+00
6.445000000000000000e+06	1.000000000000000000e+00
6.450000000000000000e+06	1.000000000000000000e+00
6.455000000000000000e+06	1.000000000000000000e+00
6.460000000000000000e+06	1.000000000000000000e+00
6.465000000000000000e+06	1.000000000000000000e+00
6.470000000000000000e+06	1.000000000000000000e+00
6.475000000000000000e+06	1.000000000000000000e+00
6.480000000000000000e+06	1.000000000000000000e+00
6.490000000000000000e+06	1.000000000000000000e+00
6.510000000000000000e+06	1.000000000000000000e+00
6.515000000000000000e+06	1.000000000000000000e+00
6.525000000000000000e+06	1.000000000000000000e+00
6.530000000000000000e+06	1.000000000000000000e+00
6.535000000000000000e+06	1.000000000000000000e+00
6.540000000000000000e+06	1.000000000000000000e+00
6.545000000000000000e+06	1.000000000000000000e+00
6.550000000000000000e+06	1.000000000000000000e+00
6.555000000000000000e+06	1.000000000000000000e+00
6.560000000000000000e+06	1.000000000000000000e+00
6.565000000000000000e+06	1.000000000000000000e+00
6.570000000000000000e+06	1.000000000000000000e+00
6.575000000000000000e+06	1.000000000000000000e+00
6.580000000000000000e+06	1.000000000000000000e+00
6.585000000000000000e+06	1.000000000000000000e+00
6.590000000000000000e+06	1.000000000000000000e+00
6.595000000000000000e+06	1.000000000000000000e+00
6.600000000000000000e+06	1.000000000000000000e+00
6.605000000000000000e+06	1.000000000000000000e+00
6.610000000000000000e+06	1.000000000000000000e+00
6.615000000000000000e+06	1.000000000000000000e+00
6.620000000000000000e+06	1.000000000000000000e+00
6.625000000000000000e+06	1.000000000000000000e+00
6.630000000000000000e+06	1.000000000000000000e+00
6.640000000000000000e+06	1.000000000000000000e+00
6.645000000000000000e+06	1.000000000000000000e+00
6.650000000000000000e+06	1.000000000000000000e+00
6.655000000000000000e+06	1.000000000000000000e+00
6.660000000000000000e+06	1.000000000000000000e+00
6.665000000000000000e+06	1.000000000000000000e+00
6.670000000000000000e+06	1.000000000000000000e+00
6.675000000000000000e+06	1.000000000000000000e+00
6.680000000000000000e+06	1.000000000000000000e+00
6.685000000000000000e+06	1.000000000000000000e+00
6.690000000000000000e+06	1.000000000000000000e+00
6.695000000000000000e+06	1.000000000000000000e+00
6.700000000000000000e+06	1.000000000000000000e+00
6.885000000000000000e+06	1.000000000000000000e+00
7.090000000000000000e+06	1.000000000000000000e+00
7.095000000000000000e+06	1.000000000000000000e+00
7.100000000000000000e+06	1.000000000000000000e+00
7.105000000000000000e+06	1.000000000000000000e+00
7.110000000000000000e+06	1.000000000000000000e+00
7.115000000000000000e+06	1.000000000000000000e+00
7.120000000000000000e+06	1.000000000000000000e+00
7.125000000000000000e+06	1.000000000000000000e+00
7.130000000000000000e+06	1.000000000000000000e+00
7.135000000000000000e+06	1.000000000000000000e+00
7.140000000000000000e+06	1.000000000000000000e+00
7.145000000000000000e+06	1.000000000000000000e+00
7.150000000000000000e+06	1.000000000000000000e+00
7.155000000000000000e+06	1.000000000000000000e+00
7.160000000000000000e+06	1.000000000000000000e+00
7.165000000000000000e+06	1.000000000000000000e+00
7.170000000000000000e+06	1.000000000000000000e+00
7.175000000000000000e+06	1.000000000000000000e+00
7.180000000000000000e+06	1.000000000000000000e+00
7.185000000000000000e+06	1.000000000000000000e+00
7.190000000000000000e+06	1.000000000000000000e+00
7.195000000000000000e+06	1.000000000000000000e+00
7.200000000000000000e+06	1.000000000000000000e+00
7.205000000000000000e+06	1.000000000000000000e+00
7.210000000000000000e+06	1.000000000000000000e+00
7.215000000000000000e+06	1.000000000000000000e+00
7.220000000000000000e+06	1.000000000000000000e+00
7.225000000000000000e+06	1.000000000000000000e+00
7.230000000000000000e+06	1.000000000000000000e+00
7.235000000000000000e+06	1.000000000000000000e+00
7.240000000000000000e+06	1.000000000000000000e+00
7.245000000000000000e+06	1.000000000000000000e+00
7.250000000000000000e+06	1.000000000000000000e+00
7.255000000000000000e+06	1.000000000000000000e+00
7.260000000000000000e+06	1.000000000000000000e+00
7.265000000000000000e+06	1.000000000000000000e+00
7.270000000000000000e+06	1.000000000000000000e+00
7.275000000000000000e+06	1.000000000000000000e+00
7.280000000000000000e+06	1.000000000000000000e+00
7.285000000000000000e+06	1.000000000000000000e+00
7.290000000000000000e+06	1.000000000000000000e+00
7.295000000000000000e+06	1.000000000000000000e+00
7.300000000000000000e+06	1.000000000000000000e+00
7.305000000000000000e+06	1.000000000000000000e+00
7.310000000000000000e+06	1.000000000000000000e+00
7.315000000000000000e+06	1.000000000000000000e+00
7.320000000000000000e+06	1.000000000000000000e+00
7.325000000000000000e+06	1.000000000000000000e+00
7.330000000000000000e+06	1.000000000000000000e+00
7.335000000000000000e+06	1.000000000000000000e+00
7.340000000000000000e+06	1.000000000000000000e+00
7.345000000000000000e+06	1.000000000000000000e+00
7.350000000000000000e+06	1.000000000000000000e+00
7.355000000000000000e+06	1.000000000000000000e+00
7.360000000000000000e+06	1.000000000000000000e+00
7.365000000000000000e+06	1.000000000000000000e+00
7.370000000000000000e+06	1.000000000000000000e+00
7.375000000000000000e+06	1.000000000000000000e+00
7.380000000000000000e+06	1.000000000000000000e+00
7.385000000000000000e+06	1.000000000000000000e+00
7.390000000000000000e+06	1.000000000000000000e+00
7.395000000000000000e+06	1.000000000000000000e+00
7.400000000000000000e+06	1.000000000000000000e+00
7.405000000000000000e+06	1.000000000000000000e+00
7.410000000000000000e+06	1.000000000000000000e+00
7.415000000000000000e+06	1.000000000000000000e+00
7.420000000000000000e+06	1.000000000000000000e+00
7.425000000000000000e+06	1.000000000000000000e+00
7.430000000000000000e+06	1.000000000000000000e+00
7.435000000000000000e+06	1.000000000000000000e+00
7.440000000000000000e+06	1.000000000000000000e+00
7.445000000000000000e+06	1.000000000000000000e+00
7.450000000000000000e+06	1.000000000000000000e+00
7.455000000000000000e+06	1.000000000000000000e+00
7.460000000000000000e+06	1.000000000000000000e+00
7.465000000000000000e+06	1.000000000000000000e+00
7.470000000000000000e+06	1.000000000000000000e+00
7.475000000000000000e+06	1.000000000000000000e+00
7.480000000000000000e+06	1.000000000000000000e+00
7.485000000000000000e+06	1.000000000000000000e+00
7.490000000000000000e+06	1.000000000000000000e+00
7.495000000000000000e+06	1.000000000000000000e+00
7.500000000000000000e+06	1.000000000000000000e+00
7.505000000000000000e+06	1.000000000000000000e+00
7.510000000000000000e+06	1.000000000000000000e+00
7.515000000000000000e+06	1.000000000000000000e+00
7.520000000000000000e+06	1.000000000000000000e+00
7.525000000000000000e+06	1.000000000000000000e+00
7.530000000000000000e+06	1.000000000000000000e+00
7.535000000000000000e+06	1.000000000000000000e+00
7.540000000000000000e+06	1.000000000000000000e+00
7.545000000000000000e+06	1.000000000000000000e+00
7.550000000000000000e+06	1.000000000000000000e+00
7.555000000000000000e+06	1.000000000000000000e+00
7.560000000000000000e+06	1.000000000000000000e+00
7.565000000000000000e+06	1.000000000000000000e+00
7.570000000000000000e+06	1.000000000000000000e+00
7.575000000000000000e+06	1.000000000000000000e+00
7.580000000000000000e+06	1.000000000000000000e+00
7.585000000000000000e+06	1.000000000000000000e+00
7.590000000000000000e+06	1.000000000000000000e+00
7.595000000000000000e+06	1.000000000000000000e+00
7.600000000000000000e+06	1.000000000000000000e+00
7.605000000000000000e+06	1.000000000000000000e+00
7.610000000000000000e+06	1.000000000000000000e+00
7.615000000000000000e+06	1.000000000000000000e+00
7.620000000000000000e+06	1.000000000000000000e+00
7.625000000000000000e+06	1.000000000000000000e+00
7.630000000000000000e+06	1.000000000000000000e+00
7.635000000000000000e+06	1.000000000000000000e+00
7.640000000000000000e+06	1.000000000000000000e+00
7.645000000000000000e+06	1.000000000000000000e+00
7.650000000000000000e+06	1.000000000000000000e+00
7.655000000000000000e+06	1.000000000000000000e+00
7.660000000000000000e+06	1.000000000000000000e+00
7.665000000000000000e+06	1.000000000000000000e+00
7.670000000000000000e+06	1.000000000000000000e+00
7.675000000000000000e+06	1.000000000000000000e+00
7.680000000000000000e+06	1.000000000000000000e+00
7.685000000000000000e+06	1.000000000000000000e+00
7.690000000000000000e+06	1.000000000000000000e+00
7.695000000000000000e+06	1.000000000000000000e+00
7.700000000000000000e+06	1.000000000000000000e+00
7.705000000000000000e+06	1.000000000000000000e+00
7.710000000000000000e+06	1.000000000000000000e+00
7.715000000000000000e+06	1.000000000000000000e+00
7.720000000000000000e+06	1.000000000000000000e+00
7.725000000000000000e+06	1.000000000000000000e+00
7.730000000000000000e+06	1.000000000000000000e+00
7.735000000000000000e+06	1.000000000000000000e+00
7.740000000000000000e+06	1.000000000000000000e+00
7.745000000000000000e+06	1.000000000000000000e+00
7.750000000000000000e+06	1.000000000000000000e+00
7.755000000000000000e+06	1.000000000000000000e+00
7.760000000000000000e+06	1.000000000000000000e+00
7.765000000000000000e+06	1.000000000000000000e+00
7.770000000000000000e+06	1.000000000000000000e+00
7.775000000000000000e+06	1.000000000000000000e+00
7.780000000000000000e+06	1.000000000000000000e+00
7.785000000000000000e+06	1.000000000000000000e+00
7.790000000000000000e+06	1.000000000000000000e+00
7.795000000000000000e+06	1.000000000000000000e+00
7.800000000000000000e+06	1.000000000000000000e+00
7.805000000000000000e+06	1.000000000000000000e+00
7.810000000000000000e+06	1.000000000000000000e+00
7.815000000000000000e+06	1.000000000000000000e+00
7.820000000000000000e+06	1.000000000000000000e+00
7.825000000000000000e+06	1.000000000000000000e+00
7.830000000000000000e+06	1.000000000000000000e+00
7.835000000000000000e+06	1.000000000000000000e+00
7.840000000000000000e+06	1.000000000000000000e+00
7.845000000000000000e+06	1.000000000000000000e+00
7.850000000000000000e+06	1.000000000000000000e+00
7.855000000000000000e+06	1.000000000000000000e+00
7.860000000000000000e+06	1.000000000000000000e+00
7.865000000000000000e+06	1.000000000000000000e+00
7.870000000000000000e+06	1.000000000000000000e+00
7.875000000000000000e+06	1.000000000000000000e+00
7.880000000000000000e+06	1.000000000000000000e+00
7.885000000000000000e+06	1.000000000000000000e+00
7.890000000000000000e+06	1.000000000000000000e+00
7.895000000000000000e+06	1.000000000000000000e+00
7.900000000000000000e+06	1.000000000000000000e+00
7.905000000000000000e+06	1.000000000000000000e+00
7.910000000000000000e+06	1.000000000000000000e+00
7.915000000000000000e+06	1.000000000000000000e+00
7.920000000000000000e+06	1.000000000000000000e+00
7.925000000000000000e+06	1.000000000000000000e+00
7.930000000000000000e+06	1.000000000000000000e+00
7.935000000000000000e+06	1.000000000000000000e+00
7.940000000000000000e+06	1.000000000000000000e+00
7.945000000000000000e+06	1.000000000000000000e+00
7.950000000000000000e+06	1.000000000000000000e+00
7.955000000000000000e+06	1.000000000000000000e+00
7.960000000000000000e+06	1.000000000000000000e+00
7.965000000000000000e+06	1.000000000000000000e+00
7.970000000000000000e+06	1.000000000000000000e+00
7.975000000000000000e+06	1.000000000000000000e+00
7.980000000000000000e+06	1.000000000000000000e+00
7.985000000000000000e+06	1.000000000000000000e+00
7.990000000000000000e+06	1.000000000000000000e+00
7.995000000000000000e+06	1.000000000000000000e+00
8.000000000000000000e+06	1.000000000000000000e+00
8.005000000000000000e+06	1.000000000000000000e+00
8.010000000000000000e+06	1.000000000000000000e+00
8.015000000000000000e+06	1.000000000000000000e+00
8.020000000000000000e+06	1.000000000000000000e+00
8.025000000000000000e+06	1.000000000000000000e+00
8.030000000000000000e+06	1.000000000000000000e+00
8.035000000000000000e+06	1.000000000000000000e+00
8.040000000000000000e+06	1.000000000000000000e+00
8.045000000000000000e+06	1.000000000000000000e+00
8.050000000000000000e+06	1.000000000000000000e+00
8.055000000000000000e+06	1.000000000000000000e+00
8.060000000000000000e+06	1.000000000000000000e+00
8.065000000000000000e+06	1.000000000000000000e+00
8.070000000000000000e+06	1.000000000000000000e+00
8.075000000000000000e+06	1.000000000000000000e+00
8.080000000000000000e+06	1.000000000000000000e+00
8.085000000000000000e+06	1.000000000000000000e+00
8.090000000000000000e+06	1.000000000000000000e+00
8.095000000000000000e+06	1.000000000000000000e+00
8.100000000000000000e+06	1.000000000000000000e+00
8.105000000000000000e+06	1.000000000000000000e+00
8.110000000000000000e+06	1.000000000000000000e+00
8.115000000000000000e+06	1.000000000000000000e+00
8.120000000000000000e+06	1.000000000000000000e+00
8.125000000000000000e+06	1.000000000000000000e+00
8.130000000000000000e+06	1.000000000000000000e+00
8.135000000000000000e+06	1.000000000000000000e+00
8.140000000000000000e+06	1.000000000000000000e+00
8.145000000000000000e+06	1.000000000000000000e+00
8.150000000000000000e+06	1.000000000000000000e+00
8.155000000000000000e+06	1.000000000000000000e+00
8.160000000000000000e+06	1.000000000000000000e+00
8.165000000000000000e+06	1.000000000000000000e+00
8.170000000000000000e+06	1.000000000000000000e+00
8.175000000000000000e+06	1.000000000000000000e+00
8.180000000000000000e+06	1.000000000000000000e+00
8.185000000000000000e+06	1.000000000000000000e+00
8.190000000000000000e+06	1.000000000000000000e+00
8.195000000000000000e+06	1.000000000000000000e+00
8.200000000000000000e+06	1.000000000000000000e+00
8.205000000000000000e+06	1.000000000000000000e+00
8.210000000000000000e+06	1.000000000000000000e+00
8.215000000000000000e+06	1.000000000000000000e+00
8.220000000000000000e+06	1.000000000000000000e+00
8.225000000000000000e+06	1.000000000000000000e+00
8.230000000000000000e+06	1.000000000000000000e+00
8.235000000000000000e+06	1.000000000000000000e+00
8.240000000000000000e+06	1.000000000000000000e+00
8.245000000000000000e+06	1.000000000000000000e+00
8.250000000000000000e+06	1.000000000000000000e+00
8.255000000000000000e+06	1.000000000000000000e+00
8.260000000000000000e+06	1.000000000000000000e+00
8.265000000000000000e+06	1.000000000000000000e+00
8.270000000000000000e+06	1.000000000000000000e+00
8.275000000000000000e+06	1.000000000000000000e+00
8.280000000000000000e+06	1.000000000000000000e+00
8.285000000000000000e+06	1.000000000000000000e+00
8.290000000000000000e+06	1.000000000000000000e+00
8.295000000000000000e+06	1.000000000000000000e+00
8.300000000000000000e+06	1.000000000000000000e+00
8.305000000000000000e+06	1.000000000000000000e+00
8.310000000000000000e+06	1.000000000000000000e+00
8.315000000000000000e+06	1.000000000000000000e+00
8.320000000000000000e+06	1.000000000000000000e+00
8.325000000000000000e+06	1.000000000000000000e+00
8.330000000000000000e+06	1.000000000000000000e+00
8.335000000000000000e+06	1.000000000000000000e+00
8.340000000000000000e+06	1.000000000000000000e+00
8.345000000000000000e+06	1.000000000000000000e+00
8.350000000000000000e+06	1.000000000000000000e+00
8.355000000000000000e+06	1.000000000000000000e+00
8.360000000000000000e+06	1.000000000000000000e+00
8.365000000000000000e+06	1.000000000000000000e+00
8.370000000000000000e+06	1.000000000000000000e+00
8.375000000000000000e+06	1.000000000000000000e+00
8.380000000000000000e+06	1.000000000000000000e+00
8.385000000000000000e+06	1.000000000000000000e+00
8.390000000000000000e+06	1.000000000000000000e+00
8.395000000000000000e+06	1.000000000000000000e+00
8.400000000000000000e+06	1.000000000000000000e+00
8.405000000000000000e+06	1.000000000000000000e+00
8.410000000000000000e+06	1.000000000000000000e+00
8.415000000000000000e+06	1.000000000000000000e+00
8.420000000000000000e+06	1.000000000000000000e+00
8.425000000000000000e+06	1.000000000000000000e+00
8.430000000000000000e+06	1.000000000000000000e+00
8.435000000000000000e+06	1.000000000000000000e+00
8.440000000000000000e+06	1.000000000000000000e+00
8.445000000000000000e+06	1.000000000000000000e+00
8.450000000000000000e+06	1.000000000000000000e+00
8.455000000000000000e+06	1.000000000000000000e+00
8.460000000000000000e+06	1.000000000000000000e+00
8.465000000000000000e+06	1.000000000000000000e+00
8.470000000000000000e+06	1.000000000000000000e+00
8.475000000000000000e+06	1.000000000000000000e+00
8.480000000000000000e+06	1.000000000000000000e+00
8.485000000000000000e+06	1.000000000000000000e+00
8.490000000000000000e+06	1.000000000000000000e+00
8.495000000000000000e+06	1.000000000000000000e+00
8.500000000000000000e+06	1.000000000000000000e+00
8.505000000000000000e+06	1.000000000000000000e+00
8.510000000000000000e+06	1.000000000000000000e+00
8.515000000000000000e+06	1.000000000000000000e+00
8.520000000000000000e+06	1.000000000000000000e+00
8.525000000000000000e+06	1.000000000000000000e+00
8.530000000000000000e+06	1.000000000000000000e+00
8.535000000000000000e+06	1.000000000000000000e+00
8.540000000000000000e+06	1.000000000000000000e+00
8.545000000000000000e+06	1.000000000000000000e+00
8.550000000000000000e+06	1.000000000000000000e+00
8.555000000000000000e+06	1.000000000000000000e+00
8.560000000000000000e+06	1.000000000000000000e+00
8.565000000000000000e+06	1.000000000000000000e+00
8.570000000000000000e+06	1.000000000000000000e+00
8.575000000000000000e+06	1.000000000000000000e+00
8.580000000000000000e+06	1.000000000000000000e+00
8.585000000000000000e+06	1.000000000000000000e+00
8.590000000000000000e+06	1.000000000000000000e+00
8.595000000000000000e+06	1.000000000000000000e+00
8.600000000000000000e+06	1.000000000000000000e+00
8.605000000000000000e+06	1.000000000000000000e+00
8.610000000000000000e+06	1.000000000000000000e+00
8.615000000000000000e+06	1.000000000000000000e+00
8.620000000000000000e+06	1.000000000000000000e+00
8.625000000000000000e+06	1.000000000000000000e+00
8.630000000000000000e+06	1.000000000000000000e+00
8.635000000000000000e+06	1.000000000000000000e+00
8.640000000000000000e+06	1.000000000000000000e+00
8.645000000000000000e+06	1.000000000000000000e+00
8.650000000000000000e+06	1.000000000000000000e+00
8.655000000000000000e+06	1.000000000000000000e+00
8.660000000000000000e+06	1.000000000000000000e+00
8.665000000000000000e+06	1.000000000000000000e+00
8.670000000000000000e+06	1.000000000000000000e+00
8.675000000000000000e+06	1.000000000000000000e+00
8.680000000000000000e+06	1.000000000000000000e+00
8.685000000000000000e+06	1.000000000000000000e+00
8.690000000000000000e+06	1.000000000000000000e+00
8.695000000000000000e+06	1.000000000000000000e+00
8.700000000000000000e+06	1.000000000000000000e+00
8.705000000000000000e+06	1.000000000000000000e+00
8.710000000000000000e+06	1.000000000000000000e+00
8.715000000000000000e+06	1.000000000000000000e+00
8.720000000000000000e+06	1.000000000000000000e+00
8.725000000000000000e+06	1.000000000000000000e+00
8.730000000000000000e+06	1.000000000000000000e+00
8.735000000000000000e+06	1.000000000000000000e+00
8.740000000000000000e+06	1.000000000000000000e+00
8.745000000000000000e+06	1.000000000000000000e+00
8.750000000000000000e+06	1.000000000000000000e+00
8.755000000000000000e+06	1.000000000000000000e+00
8.760000000000000000e+06	1.000000000000000000e+00
8.765000000000000000e+06	1.000000000000000000e+00
8.770000000000000000e+06	1.000000000000000000e+00
8.775000000000000000e+06	1.000000000000000000e+00
8.780000000000000000e+06	1.000000000000000000e+00
8.910000000000000000e+06	1.000000000000000000e+00
8.915000000000000000e+06	1.000000000000000000e+00
8.920000000000000000e+06	1.000000000000000000e+00
8.925000000000000000e+06	1.000000000000000000e+00
8.930000000000000000e+06	1.000000000000000000e+00
8.935000000000000000e+06	1.000000000000000000e+00
8.940000000000000000e+06	1.000000000000000000e+00
8.945000000000000000e+06	1.000000000000000000e+00
8.950000000000000000e+06	1.000000000000000000e+00
8.955000000000000000e+06	1.000000000000000000e+00
8.960000000000000000e+06	1.000000000000000000e+00
8.965000000000000000e+06	1.000000000000000000e+00
8.975000000000000000e+06	1.000000000000000000e+00
8.990000000000000000e+06	1.000000000000000000e+00
8.995000000000000000e+06	1.000000000000000000e+00
9.000000000000000000e+06	1.000000000000000000e+00
9.005000000000000000e+06	1.000000000000000000e+00
9.010000000000000000e+06	1.000000000000000000e+00
9.015000000000000000e+06	1.000000000000000000e+00
9.020000000000000000e+06	1.000000000000000000e+00
9.025000000000000000e+06	1.000000000000000000e+00
9.030000000000000000e+06	1.000000000000000000e+00
9.035000000000000000e+06	1.000000000000000000e+00
9.040000000000000000e+06	1.000000000000000000e+00
9.045000000000000000e+06	1.000000000000000000e+00
9.050000000000000000e+06	1.000000000000000000e+00
9.055000000000000000e+06	1.000000000000000000e+00
9.060000000000000000e+06	1.000000000000000000e+00
9.065000000000000000e+06	1.000000000000000000e+00
9.070000000000000000e+06	1.000000000000000000e+00
9.075000000000000000e+06	1.000000000000000000e+00
9.080000000000000000e+06	1.000000000000000000e+00
9.085000000000000000e+06	1.000000000000000000e+00
9.090000000000000000e+06	1.000000000000000000e+00
9.095000000000000000e+06	1.000000000000000000e+00
9.100000000000000000e+06	1.000000000000000000e+00
9.105000000000000000e+06	1.000000000000000000e+00
9.110000000000000000e+06	1.000000000000000000e+00
9.115000000000000000e+06	1.000000000000000000e+00
9.120000000000000000e+06	1.000000000000000000e+00
9.125000000000000000e+06	1.000000000000000000e+00
9.130000000000000000e+06	1.000000000000000000e+00
9.135000000000000000e+06	1.000000000000000000e+00
9.140000000000000000e+06	1.000000000000000000e+00
9.145000000000000000e+06	1.000000000000000000e+00
9.150000000000000000e+06	1.000000000000000000e+00
9.155000000000000000e+06	1.000000000000000000e+00
9.160000000000000000e+06	1.000000000000000000e+00
9.165000000000000000e+06	1.000000000000000000e+00
9.170000000000000000e+06	1.000000000000000000e+00
9.175000000000000000e+06	1.000000000000000000e+00
9.180000000000000000e+06	1.000000000000000000e+00
9.185000000000000000e+06	1.000000000000000000e+00
9.190000000000000000e+06	1.000000000000000000e+00
9.195000000000000000e+06	1.000000000000000000e+00
9.200000000000000000e+06	1.000000000000000000e+00
9.205000000000000000e+06	1.000000000000000000e+00
9.210000000000000000e+06	1.000000000000000000e+00
9.215000000000000000e+06	1.000000000000000000e+00
9.220000000000000000e+06	1.000000000000000000e+00
9.225000000000000000e+06	1.000000000000000000e+00
9.230000000000000000e+06	1.000000000000000000e+00
9.235000000000000000e+06	1.000000000000000000e+00
9.240000000000000000e+06	1.000000000000000000e+00
9.245000000000000000e+06	1.000000000000000000e+00
9.250000000000000000e+06	1.000000000000000000e+00
9.255000000000000000e+06	1.000000000000000000e+00
9.260000000000000000e+06	1.000000000000000000e+00
9.265000000000000000e+06	1.000000000000000000e+00
9.270000000000000000e+06	1.000000000000000000e+00
9.275000000000000000e+06	1.000000000000000000e+00
9.280000000000000000e+06	1.000000000000000000e+00
9.285000000000000000e+06	1.000000000000000000e+00
9.290000000000000000e+06	1.000000000000000000e+00
9.295000000000000000e+06	1.000000000000000000e+00
9.300000000000000000e+06	1.000000000000000000e+00
9.305000000000000000e+06	1.000000000000000000e+00
9.310000000000000000e+06	1.000000000000000000e+00
9.315000000000000000e+06	1.000000000000000000e+00
9.320000000000000000e+06	1.000000000000000000e+00
9.325000000000000000e+06	1.000000000000000000e+00
9.330000000000000000e+06	1.000000000000000000e+00
9.335000000000000000e+06	1.000000000000000000e+00
9.340000000000000000e+06	1.000000000000000000e+00
9.345000000000000000e+06	1.000000000000000000e+00
9.350000000000000000e+06	1.000000000000000000e+00
9.355000000000000000e+06	1.000000000000000000e+00
9.360000000000000000e+06	1.000000000000000000e+00
9.365000000000000000e+06	1.000000000000000000e+00
9.370000000000000000e+06	1.000000000000000000e+00
9.375000000000000000e+06	1.000000000000000000e+00
9.380000000000000000e+06	1.000000000000000000e+00
9.385000000000000000e+06	1.000000000000000000e+00
9.390000000000000000e+06	1.000000000000000000e+00
9.395000000000000000e+06	1.000000000000000000e+00
9.400000000000000000e+06	1.000000000000000000e+00
9.405000000000000000e+06	1.000000000000000000e+00
9.410000000000000000e+06	1.000000000000000000e+00
9.415000000000000000e+06	1.000000000000000000e+00
9.420000000000000000e+06	1.000000000000000000e+00
9.425000000000000000e+06	1.000000000000000000e+00
9.430000000000000000e+06	1.000000000000000000e+00
9.435000000000000000e+06	1.000000000000000000e+00
9.440000000000000000e+06	1.000000000000000000e+00
9.445000000000000000e+06	1.000000000000000000e+00
9.450000000000000000e+06	1.000000000000000000e+00
9.455000000000000000e+06	1.000000000000000000e+00
9.460000000000000000e+06	1.000000000000000000e+00
9.465000000000000000e+06	1.000000000000000000e+00
9.470000000000000000e+06	1.000000000000000000e+00
9.475000000000000000e+06	1.000000000000000000e+00
9.480000000000000000e+06	1.000000000000000000e+00
9.485000000000000000e+06	1.000000000000000000e+00
9.490000000000000000e+06	1.000000000000000000e+00
9.495000000000000000e+06	1.000000000000000000e+00
9.500000000000000000e+06	1.000000000000000000e+00
9.505000000000000000e+06	1.000000000000000000e+00
9.510000000000000000e+06	1.000000000000000000e+00
9.515000000000000000e+06	1.000000000000000000e+00
9.520000000000000000e+06	1.000000000000000000e+00
9.525000000000000000e+06	1.000000000000000000e+00
9.530000000000000000e+06	1.000000000000000000e+00
9.535000000000000000e+06	1.000000000000000000e+00
9.540000000000000000e+06	1.000000000000000000e+00
9.545000000000000000e+06	1.000000000000000000e+00
9.550000000000000000e+06	1.000000000000000000e+00
9.555000000000000000e+06	1.000000000000000000e+00
9.560000000000000000e+06	1.000000000000000000e+00
9.565000000000000000e+06	1.000000000000000000e+00
9.570000000000000000e+06	1.000000000000000000e+00
9.575000000000000000e+06	1.000000000000000000e+00
9.580000000000000000e+06	1.000000000000000000e+00
9.585000000000000000e+06	1.000000000000000000e+00
9.590000000000000000e+06	1.000000000000000000e+00
9.595000000000000000e+06	1.000000000000000000e+00
9.600000000000000000e+06	1.000000000000000000e+00
9.605000000000000000e+06	1.000000000000000000e+00
9.610000000000000000e+06	1.000000000000000000e+00
9.615000000000000000e+06	1.000000000000000000e+00
9.620000000000000000e+06	1.000000000000000000e+00
9.625000000000000000e+06	1.000000000000000000e+00
9.630000000000000000e+06	1.000000000000000000e+00
9.635000000000000000e+06	1.000000000000000000e+00
9.640000000000000000e+06	1.000000000000000000e+00
9.645000000000000000e+06	1.000000000000000000e+00
9.650000000000000000e+06	1.000000000000000000e+00
9.655000000000000000e+06	1.000000000000000000e+00
9.660000000000000000e+06	1.000000000000000000e+00
9.665000000000000000e+06	1.000000000000000000e+00
9.670000000000000000e+06	1.000000000000000000e+00
9.675000000000000000e+06	1.000000000000000000e+00
9.680000000000000000e+06	1.000000000000000000e+00
9.685000000000000000e+06	1.000000000000000000e+00
9.690000000000000000e+06	1.000000000000000000e+00
9.695000000000000000e+06	1.000000000000000000e+00
9.700000000000000000e+06	1.000000000000000000e+00
9.705000000000000000e+06	1.000000000000000000e+00
9.710000000000000000e+06	1.000000000000000000e+00
9.715000000000000000e+06	1.000000000000000000e+00
9.720000000000000000e+06	1.000000000000000000e+00
9.725000000000000000e+06	1.000000000000000000e+00
9.730000000000000000e+06	1.000000000000000000e+00
9.735000000000000000e+06	1.000000000000000000e+00
9.740000000000000000e+06	1.000000000000000000e+00
9.745000000000000000e+06	1.000000000000000000e+00
9.750000000000000000e+06	1.000000000000000000e+00
9.755000000000000000e+06	1.000000000000000000e+00
9.760000000000000000e+06	1.000000000000000000e+00
9.765000000000000000e+06	1.000000000000000000e+00
9.770000000000000000e+06	1.000000000000000000e+00
9.780000000000000000e+06	1.000000000000000000e+00
9.785000000000000000e+06	1.000000000000000000e+00
9.790000000000000000e+06	1.000000000000000000e+00
9.795000000000000000e+06	1.000000000000000000e+00
9.800000000000000000e+06	1.000000000000000000e+00
9.805000000000000000e+06	1.000000000000000000e+00
9.810000000000000000e+06	1.000000000000000000e+00
9.815000000000000000e+06	1.000000000000000000e+00
9.820000000000000000e+06	1.000000000000000000e+00
9.825000000000000000e+06	1.000000000000000000e+00
9.830000000000000000e+06	1.000000000000000000e+00
9.835000000000000000e+06	1.000000000000000000e+00
9.840000000000000000e+06	1.000000000000000000e+00
9.845000000000000000e+06	1.000000000000000000e+00
9.920000000000000000e+06	1.000000000000000000e+00
9.925000000000000000e+06	1.000000000000000000e+00
9.930000000000000000e+06	1.000000000000000000e+00
9.940000000000000000e+06	1.000000000000000000e+00
9.950000000000000000e+06	1.000000000000000000e+00
9.955000000000000000e+06	1.000000000000000000e+00
9.960000000000000000e+06	1.000000000000000000e+00
9.965000000000000000e+06	1.000000000000000000e+00
9.970000000000000000e+06	1.000000000000000000e+00
9.975000000000000000e+06	1.000000000000000000e+00
9.980000000000000000e+06	1.000000000000000000e+00
9.985000000000000000e+06	1.000000000000000000e+00
9.990000000000000000e+06	1.000000000000000000e+00
9.995000000000000000e+06	1.000000000000000000e+00
1.000000000000000000e+07	1.000000000000000000e+00
1.000500000000000000e+07	1.000000000000000000e+00
1.001000000000000000e+07	1.000000000000000000e+00
1.001500000000000000e+07	1.000000000000000000e+00
1.002000000000000000e+07	1.000000000000000000e+00
1.002500000000000000e+07	1.000000000000000000e+00
1.003000000000000000e+07	1.000000000000000000e+00
1.003500000000000000e+07	1.000000000000000000e+00
1.004000000000000000e+07	1.000000000000000000e+00
1.004500000000000000e+07	1.000000000000000000e+00
1.005000000000000000e+07	1.000000000000000000e+00
1.005500000000000000e+07	1.000000000000000000e+00
1.006000000000000000e+07	1.000000000000000000e+00
1.006500000000000000e+07	1.000000000000000000e+00
1.007000000000000000e+07	1.000000000000000000e+00
1.007500000000000000e+07	1.000000000000000000e+00
1.008000000000000000e+07	1.000000000000000000e+00
1.008500000000000000e+07	1.000000000000000000e+00
1.009000000000000000e+07	1.000000000000000000e+00
1.009500000000000000e+07	1.000000000000000000e+00
1.010000000000000000e+07	1.000000000000000000e+00
1.010500000000000000e+07	1.000000000000000000e+00
1.011000000000000000e+07	1.000000000000000000e+00
1.011500000000000000e+07	1.000000000000000000e+00
1.012000000000000000e+07	1.000000000000000000e+00
1.012500000000000000e+07	1.000000000000000000e+00
1.013000000000000000e+07	1.000000000000000000e+00
1.013500000000000000e+07	1.000000000000000000e+00
1.014000000000000000e+07	1.000000000000000000e+00
1.014500000000000000e+07	1.000000000000000000e+00
1.015000000000000000e+07	1.000000000000000000e+00
1.015500000000000000e+07	1.000000000000000000e+00
1.016000000000000000e+07	1.000000000000000000e+00
1.016500000000000000e+07	1.000000000000000000e+00
1.017000000000000000e+07	1.000000000000000000e+00
1.017500000000000000e+07	1.000000000000000000e+00
1.018000000000000000e+07	1.000000000000000000e+00
1.018500000000000000e+07	1.000000000000000000e+00
1.019000000000000000e+07	1.000000000000000000e+00
1.019500000000000000e+07	1.000000000000000000e+00
1.020000000000000000e+07	1.000000000000000000e+00
1.020500000000000000e+07	1.000000000000000000e+00
1.021000000000000000e+07	1.000000000000000000e+00
1.021500000000000000e+07	1.000000000000000000e+00
1.022000000000000000e+07	1.000000000000000000e+00
1.022500000000000000e+07	1.000000000000000000e+00
1.023000000000000000e+07	1.000000000000000000e+00
1.023500000000000000e+07	1.000000000000000000e+00
1.024000000000000000e+07	1.000000000000000000e+00
1.024500000000000000e+07	1.000000000000000000e+00
1.025000000000000000e+07	1.000000000000000000e+00
1.025500000000000000e+07	1.000000000000000000e+00
1.026000000000000000e+07	1.000000000000000000e+00
1.026500000000000000e+07	1.000000000000000000e+00
1.027000000000000000e+07	1.000000000000000000e+00
1.027500000000000000e+07	1.000000000000000000e+00
1.028000000000000000e+07	1.000000000000000000e+00
1.028500000000000000e+07	1.000000000000000000e+00
1.029000000000000000e+07	1.000000000000000000e+00
1.029500000000000000e+07	1.000000000000000000e+00
1.030000000000000000e+07	1.000000000000000000e+00
1.030500000000000000e+07	1.000000000000000000e+00
1.031000000000000000e+07	1.000000000000000000e+00
1.031500000000000000e+07	1.000000000000000000e+00
1.032000000000000000e+07	1.000000000000000000e+00
1.032500000000000000e+07	1.000000000000000000e+00
1.033000000000000000e+07	1.000000000000000000e+00
1.033500000000000000e+07	1.000000000000000000e+00
1.034000000000000000e+07	1.000000000000000000e+00
1.034500000000000000e+07	1.000000000000000000e+00
1.035000000000000000e+07	1.000000000000000000e+00
1.035500000000000000e+07	1.000000000000000000e+00
1.036000000000000000e+07	1.000000000000000000e+00
1.036500000000000000e+07	1.000000000000000000e+00
1.037000000000000000e+07	1.000000000000000000e+00
1.037500000000000000e+07	1.000000000000000000e+00
1.038000000000000000e+07	1.000000000000000000e+00
1.038500000000000000e+07	1.000000000000000000e+00
1.039000000000000000e+07	1.000000000000000000e+00
1.039500000000000000e+07	1.000000000000000000e+00
1.040000000000000000e+07	1.000000000000000000e+00
1.040500000000000000e+07	1.000000000000000000e+00
1.041000000000000000e+07	1.000000000000000000e+00
1.041500000000000000e+07	1.000000000000000000e+00
1.042000000000000000e+07	1.000000000000000000e+00
1.042500000000000000e+07	1.000000000000000000e+00
1.043000000000000000e+07	1.000000000000000000e+00
1.043500000000000000e+07	1.000000000000000000e+00
1.044000000000000000e+07	1.000000000000000000e+00
1.044500000000000000e+07	1.000000000000000000e+00
1.045000000000000000e+07	1.000000000000000000e+00
1.045500000000000000e+07	1.000000000000000000e+00
1.046000000000000000e+07	1.000000000000000000e+00
1.046500000000000000e+07	1.000000000000000000e+00
1.047000000000000000e+07	1.000000000000000000e+00
1.047500000000000000e+07	1.000000000000000000e+00
1.048000000000000000e+07	1.000000000000000000e+00
1.048500000000000000e+07	1.000000000000000000e+00
1.049000000000000000e+07	1.000000000000000000e+00
1.049500000000000000e+07	1.000000000000000000e+00
1.050000000000000000e+07	1.000000000000000000e+00
1.050500000000000000e+07	1.000000000000000000e+00
1.051000000000000000e+07	1.000000000000000000e+00
1.051500000000000000e+07	1.000000000000000000e+00
1.052000000000000000e+07	1.000000000000000000e+00
1.052500000000000000e+07	1.000000000000000000e+00
1.053000000000000000e+07	1.000000000000000000e+00
1.053500000000000000e+07	1.000000000000000000e+00
1.054000000000000000e+07	1.000000000000000000e+00
1.054500000000000000e+07	1.000000000000000000e+00
1.055000000000000000e+07	1.000000000000000000e+00
1.055500000000000000e+07	1.000000000000000000e+00
1.056000000000000000e+07	1.000000000000000000e+00
1.056500000000000000e+07	1.000000000000000000e+00
1.057000000000000000e+07	1.000000000000000000e+00
1.057500000000000000e+07	1.000000000000000000e+00
1.058000000000000000e+07	1.000000000000000000e+00
1.058500000000000000e+07	1.000000000000000000e+00
1.059000000000000000e+07	1.000000000000000000e+00
1.059500000000000000e+07	1.000000000000000000e+00
1.060000000000000000e+07	1.000000000000000000e+00
1.060500000000000000e+07	1.000000000000000000e+00
1.061000000000000000e+07	1.000000000000000000e+00
1.061500000000000000e+07	1.000000000000000000e+00
1.062000000000000000e+07	1.000000000000000000e+00
1.062500000000000000e+07	1.000000000000000000e+00
1.063000000000000000e+07	1.000000000000000000e+00
1.063500000000000000e+07	1.000000000000000000e+00
1.064000000000000000e+07	1.000000000000000000e+00
1.064500000000000000e+07	1.000000000000000000e+00
1.065000000000000000e+07	1.000000000000000000e+00
1.065500000000000000e+07	1.000000000000000000e+00
1.066000000000000000e+07	1.000000000000000000e+00
1.066500000000000000e+07	1.000000000000000000e+00
1.067000000000000000e+07	1.000000000000000000e+00
1.067500000000000000e+07	1.000000000000000000e+00
1.068000000000000000e+07	1.000000000000000000e+00
1.068500000000000000e+07	1.000000000000000000e+00
1.069000000000000000e+07	1.000000000000000000e+00
1.069500000000000000e+07	1.000000000000000000e+00
1.070000000000000000e+07	1.000000000000000000e+00
1.070500000000000000e+07	1.000000000000000000e+00
1.071000000000000000e+07	1.000000000000000000e+00
1.071500000000000000e+07	1.000000000000000000e+00
1.072000000000000000e+07	1.000000000000000000e+00
1.072500000000000000e+07	1.000000000000000000e+00
1.073000000000000000e+07	1.000000000000000000e+00
1.073500000000000000e+07	1.000000000000000000e+00
1.074000000000000000e+07	1.000000000000000000e+00
1.075000000000000000e+07	1.000000000000000000e+00
1.075500000000000000e+07	1.000000000000000000e+00
1.076000000000000000e+07	1.000000000000000000e+00
1.076500000000000000e+07	1.000000000000000000e+00
1.079000000000000000e+07	1.000000000000000000e+00
1.079500000000000000e+07	1.000000000000000000e+00
1.081000000000000000e+07	1.000000000000000000e+00
1.081500000000000000e+07	1.000000000000000000e+00
1.082000000000000000e+07	1.000000000000000000e+00
1.082500000000000000e+07	1.000000000000000000e+00
1.083000000000000000e+07	1.000000000000000000e+00
1.083500000000000000e+07	1.000000000000000000e+00
1.084000000000000000e+07	1.000000000000000000e+00
1.084500000000000000e+07	1.000000000000000000e+00
1.085000000000000000e+07	1.000000000000000000e+00
1.085500000000000000e+07	1.000000000000000000e+00
1.087000000000000000e+07	1.000000000000000000e+00
1.087500000000000000e+07	1.000000000000000000e+00
1.088000000000000000e+07	1.000000000000000000e+00
1.088500000000000000e+07	1.000000000000000000e+00
1.089000000000000000e+07	1.000000000000000000e+00
1.090500000000000000e+07	1.000000000000000000e+00
1.091000000000000000e+07	1.000000000000000000e+00
1.091500000000000000e+07	1.000000000000000000e+00
1.093000000000000000e+07	1.000000000000000000e+00
1.093500000000000000e+07	1.000000000000000000e+00
1.094000000000000000e+07	1.000000000000000000e+00
1.094500000000000000e+07	1.000000000000000000e+00
1.095000000000000000e+07	1.000000000000000000e+00
1.095500000000000000e+07	1.000000000000000000e+00
1.096000000000000000e+07	1.000000000000000000e+00
1.096500000000000000e+07	1.000000000000000000e+00
1.097000000000000000e+07	1.000000000000000000e+00
1.097500000000000000e+07	1.000000000000000000e+00
1.098000000000000000e+07	1.000000000000000000e+00
1.098500000000000000e+07	1.000000000000000000e+00
1.099000000000000000e+07	1.000000000000000000e+00
1.099500000000000000e+07	1.000000000000000000e+00
1.100000000000000000e+07	1.000000000000000000e+00
1.100500000000000000e+07	1.000000000000000000e+00
1.101000000000000000e+07	1.000000000000000000e+00
1.101500000000000000e+07	1.000000000000000000e+00
1.102000000000000000e+07	1.000000000000000000e+00
1.102500000000000000e+07	1.000000000000000000e+00
1.103000000000000000e+07	1.000000000000000000e+00
1.103500000000000000e+07	1.000000000000000000e+00
1.104000000000000000e+07	1.000000000000000000e+00
1.104500000000000000e+07	1.000000000000000000e+00
1.105000000000000000e+07	1.000000000000000000e+00
1.105500000000000000e+07	1.000000000000000000e+00
1.106000000000000000e+07	1.000000000000000000e+00
1.106500000000000000e+07	1.000000000000000000e+00
1.107000000000000000e+07	1.000000000000000000e+00
1.107500000000000000e+07	1.000000000000000000e+00
1.108000000000000000e+07	1.000000000000000000e+00
1.109500000000000000e+07	1.000000000000000000e+00
1.110000000000000000e+07	1.000000000000000000e+00
1.110500000000000000e+07	1.000000000000000000e+00
1.111000000000000000e+07	1.000000000000000000e+00
1.111500000000000000e+07	1.000000000000000000e+00
1.112000000000000000e+07	1.000000000000000000e+00
1.112500000000000000e+07	1.000000000000000000e+00
1.113000000000000000e+07	1.000000000000000000e+00
1.113500000000000000e+07	1.000000000000000000e+00
1.114000000000000000e+07	1.000000000000000000e+00
1.114500000000000000e+07	1.000000000000000000e+00
1.115000000000000000e+07	1.000000000000000000e+00
1.115500000000000000e+07	1.000000000000000000e+00
1.116000000000000000e+07	1.000000000000000000e+00
1.116500000000000000e+07	1.000000000000000000e+00
1.117000000000000000e+07	1.000000000000000000e+00
1.117500000000000000e+07	1.000000000000000000e+00
1.118000000000000000e+07	1.000000000000000000e+00
1.118500000000000000e+07	1.000000000000000000e+00
1.119500000000000000e+07	1.000000000000000000e+00
1.120000000000000000e+07	1.000000000000000000e+00
1.120500000000000000e+07	1.000000000000000000e+00
1.121000000000000000e+07	1.000000000000000000e+00
1.127000000000000000e+07	1.000000000000000000e+00
1.130000000000000000e+07	1.000000000000000000e+00
1.130500000000000000e+07	1.000000000000000000e+00
1.134500000000000000e+07	1.000000000000000000e+00
1.136000000000000000e+07	1.000000000000000000e+00
1.136500000000000000e+07	1.000000000000000000e+00
1.137000000000000000e+07	1.000000000000000000e+00
1.137500000000000000e+07	1.000000000000000000e+00
1.138000000000000000e+07	1.000000000000000000e+00
1.138500000000000000e+07	1.000000000000000000e+00
1.139000000000000000e+07	1.000000000000000000e+00
1.139500000000000000e+07	1.000000000000000000e+00
1.140000000000000000e+07	1.000000000000000000e+00
1.140500000000000000e+07	1.000000000000000000e+00
1.141000000000000000e+07	1.000000000000000000e+00
1.141500000000000000e+07	1.000000000000000000e+00
1.143500000000000000e+07	1.000000000000000000e+00
1.144000000000000000e+07	1.000000000000000000e+00
1.144500000000000000e+07	1.000000000000000000e+00
1.145000000000000000e+07	1.000000000000000000e+00
1.159000000000000000e+07	1.000000000000000000e+00
1.173500000000000000e+07	1.000000000000000000e+00
1.175000000000000000e+07	1.000000000000000000e+00
1.178500000000000000e+07	1.000000000000000000e+00
1.179000000000000000e+07	1.000000000000000000e+00
1.179500000000000000e+07	1.000000000000000000e+00
1.180000000000000000e+07	1.000000000000000000e+00
1.180500000000000000e+07	1.000000000000000000e+00
1.181000000000000000e+07	1.000000000000000000e+00
1.181500000000000000e+07	1.000000000000000000e+00
1.182000000000000000e+07	1.000000000000000000e+00
1.182500000000000000e+07	1.000000000000000000e+00
1.183000000000000000e+07	1.000000000000000000e+00
1.183500000000000000e+07	1.000000000000000000e+00
1.184000000000000000e+07	1.000000000000000000e+00
1.184500000000000000e+07	1.000000000000000000e+00
1.185000000000000000e+07	1.000000000000000000e+00
1.185500000000000000e+07	1.000000000000000000e+00
1.186000000000000000e+07	1.000000000000000000e+00
1.186500000000000000e+07	1.000000000000000000e+00
1.187000000000000000e+07	1.000000000000000000e+00
1.187500000000000000e+07	1.000000000000000000e+00
1.188000000000000000e+07	1.000000000000000000e+00
1.188500000000000000e+07	1.000000000000000000e+00
1.189000000000000000e+07	1.000000000000000000e+00
1.189500000000000000e+07	1.000000000000000000e+00
1.190000000000000000e+07	1.000000000000000000e+00
1.190500000000000000e+07	1.000000000000000000e+00
1.191000000000000000e+07	1.000000000000000000e+00
1.191500000000000000e+07	1.000000000000000000e+00
1.192000000000000000e+07	1.000000000000000000e+00
1.192500000000000000e+07	1.000000000000000000e+00
1.193000000000000000e+07	1.000000000000000000e+00
1.193500000000000000e+07	1.000000000000000000e+00
1.194000000000000000e+07	1.000000000000000000e+00
1.194500000000000000e+07	1.000000000000000000e+00
1.195000000000000000e+07	1.000000000000000000e+00
1.195500000000000000e+07	1.000000000000000000e+00
1.196000000000000000e+07	1.000000000000000000e+00
1.196500000000000000e+07	1.000000000000000000e+00
1.197000000000000000e+07	1.000000000000000000e+00
1.197500000000000000e+07	1.000000000000000000e+00
1.198000000000000000e+07	1.000000000000000000e+00
1.198500000000000000e+07	1.000000000000000000e+00
1.199000000000000000e+07	1.000000000000000000e+00
1.199500000000000000e+07	1.000000000000000000e+00
1.200000000000000000e+07	1.000000000000000000e+00
1.200500000000000000e+07	1.000000000000000000e+00
1.201000000000000000e+07	1.000000000000000000e+00
1.201500000000000000e+07	1.000000000000000000e+00
1.202000000000000000e+07	1.000000000000000000e+00
1.202500000000000000e+07	1.000000000000000000e+00
1.203000000000000000e+07	1.000000000000000000e+00
1.203500000000000000e+07	1.000000000000000000e+00
1.204000000000000000e+07	1.000000000000000000e+00
1.204500000000000000e+07	1.000000000000000000e+00
1.205000000000000000e+07	1.000000000000000000e+00
1.205500000000000000e+07	1.000000000000000000e+00
1.206000000000000000e+07	1.000000000000000000e+00
1.206500000000000000e+07	1.000000000000000000e+00
1.207000000000000000e+07	1.000000000000000000e+00
1.207500000000000000e+07	1.000000000000000000e+00
1.208000000000000000e+07	1.000000000000000000e+00
1.208500000000000000e+07	1.000000000000000000e+00
1.209000000000000000e+07	1.000000000000000000e+00
1.209500000000000000e+07	1.000000000000000000e+00
1.210000000000000000e+07	1.000000000000000000e+00
1.210500000000000000e+07	1.000000000000000000e+00
1.211000000000000000e+07	1.000000000000000000e+00
1.211500000000000000e+07	1.000000000000000000e+00
1.212000000000000000e+07	1.000000000000000000e+00
1.212500000000000000e+07	1.000000000000000000e+00
1.213000000000000000e+07	1.000000000000000000e+00
1.213500000000000000e+07	1.000000000000000000e+00
1.214000000000000000e+07	1.000000000000000000e+00
1.214500000000000000e+07	1.000000000000000000e+00
1.215000000000000000e+07	1.000000000000000000e+00
1.215500000000000000e+07	1.000000000000000000e+00
1.216000000000000000e+07	1.000000000000000000e+00
1.216500000000000000e+07	1.000000000000000000e+00
1.217000000000000000e+07	1.000000000000000000e+00
1.217500000000000000e+07	1.000000000000000000e+00
1.218000000000000000e+07	1.000000000000000000e+00
1.218500000000000000e+07	1.000000000000000000e+00
1.219000000000000000e+07	1.000000000000000000e+00
1.219500000000000000e+07	1.000000000000000000e+00
1.220000000000000000e+07	1.000000000000000000e+00
1.220500000000000000e+07	1.000000000000000000e+00
1.221000000000000000e+07	1.000000000000000000e+00
1.221500000000000000e+07	1.000000000000000000e+00
1.222000000000000000e+07	1.000000000000000000e+00
1.222500000000000000e+07	1.000000000000000000e+00
1.223000000000000000e+07	1.000000000000000000e+00
1.223500000000000000e+07	1.000000000000000000e+00
1.224000000000000000e+07	1.000000000000000000e+00
1.224500000000000000e+07	1.000000000000000000e+00
1.225000000000000000e+07	1.000000000000000000e+00
1.225500000000000000e+07	1.000000000000000000e+00
1.226000000000000000e+07	1.000000000000000000e+00
1.226500000000000000e+07	1.000000000000000000e+00
1.227000000000000000e+07	1.000000000000000000e+00
1.227500000000000000e+07	1.000000000000000000e+00
1.228000000000000000e+07	1.000000000000000000e+00
1.228500000000000000e+07	1.000000000000000000e+00
1.229000000000000000e+07	1.000000000000000000e+00
1.229500000000000000e+07	1.000000000000000000e+00
1.230000000000000000e+07	1.000000000000000000e+00
1.230500000000000000e+07	1.000000000000000000e+00
1.233000000000000000e+07	1.000000000000000000e+00
1.233500000000000000e+07	1.000000000000000000e+00
1.574500000000000000e+07	1.000000000000000000e+00
1.575000000000000000e+07	1.000000000000000000e+00
1.575500000000000000e+07	1.000000000000000000e+00
1.576000000000000000e+07	1.000000000000000000e+00
1.576500000000000000e+07	1.000000000000000000e+00
1.577000000000000000e+07	1.000000000000000000e+00
1.577500000000000000e+07	1.000000000000000000e+00
1.578000000000000000e+07	1.000000000000000000e+00
1.578500000000000000e+07	1.000000000000000000e+00
1.579000000000000000e+07	1.000000000000000000e+00
1.579500000000000000e+07	1.000000000000000000e+00
1.580000000000000000e+07	1.000000000000000000e+00
1.580500000000000000e+07	1.000000000000000000e+00
1.581000000000000000e+07	1.000000000000000000e+00
1.581500000000000000e+07	1.000000000000000000e+00
1.582000000000000000e+07	1.000000000000000000e+00
1.582500000000000000e+07	1.000000000000000000e+00
1.583000000000000000e+07	1.000000000000000000e+00
1.583500000000000000e+07	1.000000000000000000e+00
1.584000000000000000e+07	1.000000000000000000e+00
1.584500000000000000e+07	1.000000000000000000e+00
1.585000000000000000e+07	1.000000000000000000e+00
1.585500000000000000e+07	1.000000000000000000e+00
1.586000000000000000e+07	1.000000000000000000e+00
1.586500000000000000e+07	1.000000000000000000e+00
1.587000000000000000e+07	1.000000000000000000e+00
1.587500000000000000e+07	1.000000000000000000e+00
1.588000000000000000e+07	1.000000000000000000e+00
1.588500000000000000e+07	1.000000000000000000e+00
1.589000000000000000e+07	1.000000000000000000e+00
1.589500000000000000e+07	1.000000000000000000e+00
1.590000000000000000e+07	1.000000000000000000e+00
1.590500000000000000e+07	1.000000000000000000e+00
1.591000000000000000e+07	1.000000000000000000e+00
1.591500000000000000e+07	1.000000000000000000e+00
1.592000000000000000e+07	1.000000000000000000e+00
1.592500000000000000e+07	1.000000000000000000e+00
1.593000000000000000e+07	1.000000000000000000e+00
1.593500000000000000e+07	1.000000000000000000e+00
1.594000000000000000e+07	1.000000000000000000e+00
1.594500000000000000e+07	1.000000000000000000e+00
1.595000000000000000e+07	1.000000000000000000e+00
1.595500000000000000e+07	1.000000000000000000e+00
1.596000000000000000e+07	1.000000000000000000e+00
1.596500000000000000e+07	1.000000000000000000e+00
1.597000000000000000e+07	1.000000000000000000e+00
1.597500000000000000e+07	1.000000000000000000e+00
1.598000000000000000e+07	1.000000000000000000e+00
1.598500000000000000e+07	1.000000000000000000e+00
1.599000000000000000e+07	1.000000000000000000e+00
1.599500000000000000e+07	1.000000000000000000e+00
1.600000000000000000e+07	1.000000000000000000e+00
1.600500000000000000e+07	1.000000000000000000e+00
1.601000000000000000e+07	1.000000000000000000e+00
1.601500000000000000e+07	1.000000000000000000e+00
1.602000000000000000e+07	1.000000000000000000e+00
1.602500000000000000e+07	1.000000000000000000e+00
1.603000000000000000e+07	1.000000000000000000e+00
1.603500000000000000e+07	1.000000000000000000e+00
1.604000000000000000e+07	1.000000000000000000e+00
1.604500000000000000e+07	1.000000000000000000e+00
1.605000000000000000e+07	1.000000000000000000e+00
1.605500000000000000e+07	1.000000000000000000e+00
1.606500000000000000e+07	1.000000000000000000e+00
1.607000000000000000e+07	1.000000000000000000e+00
1.607500000000000000e+07	1.000000000000000000e+00
1.608000000000000000e+07	1.000000000000000000e+00
1.608500000000000000e+07	1.000000000000000000e+00
1.609000000000000000e+07	1.000000000000000000e+00
1.609500000000000000e+07	1.000000000000000000e+00
1.610000000000000000e+07	1.000000000000000000e+00
1.610500000000000000e+07	1.000000000000000000e+00
1.611000000000000000e+07	1.000000000000000000e+00
1.611500000000000000e+07	1.000000000000000000e+00
1.612000000000000000e+07	1.000000000000000000e+00
1.612500000000000000e+07	1.000000000000000000e+00
1.613000000000000000e+07	1.000000000000000000e+00
1.613500000000000000e+07	1.000000000000000000e+00
1.614000000000000000e+07	1.000000000000000000e+00
1.614500000000000000e+07	1.000000000000000000e+00
1.615000000000000000e+07	1.000000000000000000e+00
1.615500000000000000e+07	1.000000000000000000e+00
1.616000000000000000e+07	1.000000000000000000e+00
1.616500000000000000e+07	1.000000000000000000e+00
1.618500000000000000e+07	1.000000000000000000e+00
1.619500000000000000e+07	1.000000000000000000e+00
1.702000000000000000e+07	1.000000000000000000e+00
1.709500000000000000e+07	1.000000000000000000e+00
1.710000000000000000e+07	1.000000000000000000e+00
1.710500000000000000e+07	1.000000000000000000e+00
1.711000000000000000e+07	1.000000000000000000e+00
1.711500000000000000e+07	1.000000000000000000e+00
1.712000000000000000e+07	1.000000000000000000e+00
1.712500000000000000e+07	1.000000000000000000e+00
1.713000000000000000e+07	1.000000000000000000e+00
1.713500000000000000e+07	1.000000000000000000e+00
1.714000000000000000e+07	1.000000000000000000e+00
1.714500000000000000e+07	1.000000000000000000e+00
1.715000000000000000e+07	1.000000000000000000e+00
1.715500000000000000e+07	1.000000000000000000e+00
1.716000000000000000e+07	1.000000000000000000e+00
1.716500000000000000e+07	1.000000000000000000e+00
1.717000000000000000e+07	1.000000000000000000e+00
1.717500000000000000e+07	1.000000000000000000e+00
1.718000000000000000e+07	1.000000000000000000e+00
1.718500000000000000e+07	1.000000000000000000e+00
1.719000000000000000e+07	1.000000000000000000e+00
1.719500000000000000e+07	1.000000000000000000e+00
1.720000000000000000e+07	1.000000000000000000e+00
1.720500000000000000e+07	1.000000000000000000e+00
1.721000000000000000e+07	1.000000000000000000e+00
1.721500000000000000e+07	1.000000000000000000e+00
1.722000000000000000e+07	1.000000000000000000e+00
1.722500000000000000e+07	1.000000000000000000e+00
1.723000000000000000e+07	1.000000000000000000e+00
1.723500000000000000e+07	1.000000000000000000e+00
1.724000000000000000e+07	1.000000000000000000e+00
1.724500000000000000e+07	1.000000000000000000e+00
1.725000000000000000e+07	1.000000000000000000e+00
1.725500000000000000e+07	1.000000000000000000e+00
1.726000000000000000e+07	1.000000000000000000e+00
1.726500000000000000e+07	1.000000000000000000e+00
1.727000000000000000e+07	1.000000000000000000e+00
1.727500000000000000e+07	1.000000000000000000e+00
1.728000000000000000e+07	1.000000000000000000e+00
1.728500000000000000e+07	1.000000000000000000e+00
1.729000000000000000e+07	1.000000000000000000e+00
1.729500000000000000e+07	1.000000000000000000e+00
1.730000000000000000e+07	1.000000000000000000e+00
1.730500000000000000e+07	1.000000000000000000e+00
1.731000000000000000e+07	1.000000000000000000e+00
1.731500000000000000e+07	1.000000000000000000e+00
1.732000000000000000e+07	1.000000000000000000e+00
1.732500000000000000e+07	1.000000000000000000e+00
1.733000000000000000e+07	1.000000000000000000e+00
1.733500000000000000e+07	1.000000000000000000e+00
1.734000000000000000e+07	1.000000000000000000e+00
1.734500000000000000e+07	1.000000000000000000e+00
1.735000000000000000e+07	1.000000000000000000e+00
1.735500000000000000e+07	1.000000000000000000e+00
1.736000000000000000e+07	1.000000000000000000e+00
1.736500000000000000e+07	1.000000000000000000e+00
1.737000000000000000e+07	1.000000000000000000e+00
1.737500000000000000e+07	1.000000000000000000e+00
1.738000000000000000e+07	1.000000000000000000e+00
1.738500000000000000e+07	1.000000000000000000e+00
1.739000000000000000e+07	1.000000000000000000e+00
1.739500000000000000e+07	1.000000000000000000e+00
1.740000000000000000e+07	1.000000000000000000e+00
1.740500000000000000e+07	1.000000000000000000e+00
1.741000000000000000e+07	1.000000000000000000e+00
1.741500000000000000e+07	1.000000000000000000e+00
1.742000000000000000e+07	1.000000000000000000e+00
1.742500000000000000e+07	1.000000000000000000e+00
1.743000000000000000e+07	1.000000000000000000e+00
1.743500000000000000e+07	1.000000000000000000e+00
1.744000000000000000e+07	1.000000000000000000e+00
1.744500000000000000e+07	1.000000000000000000e+00
1.745000000000000000e+07	1.000000000000000000e+00
1.745500000000000000e+07	1.000000000000000000e+00
1.746000000000000000e+07	1.000000000000000000e+00
1.746500000000000000e+07	1.000000000000000000e+00
1.747000000000000000e+07	1.000000000000000000e+00
1.747500000000000000e+07	1.000000000000000000e+00
1.748000000000000000e+07	1.000000000000000000e+00
1.748500000000000000e+07	1.000000000000000000e+00
1.749000000000000000e+07	1.000000000000000000e+00
1.749500000000000000e+07	1.000000000000000000e+00
1.750000000000000000e+07	1.000000000000000000e+00
1.750500000000000000e+07	1.000000000000000000e+00
1.751000000000000000e+07	1.000000000000000000e+00
1.751500000000000000e+07	1.000000000000000000e+00
1.752000000000000000e+07	1.000000000000000000e+00
1.752500000000000000e+07	1.000000000000000000e+00
1.753000000000000000e+07	1.000000000000000000e+00
1.753500000000000000e+07	1.000000000000000000e+00
1.754000000000000000e+07	1.000000000000000000e+00
1.754500000000000000e+07	1.000000000000000000e+00
1.755000000000000000e+07	1.000000000000000000e+00
1.755500000000000000e+07	1.000000000000000000e+00
1.756000000000000000e+07	1.000000000000000000e+00
1.756500000000000000e+07	1.000000000000000000e+00
1.757000000000000000e+07	1.000000000000000000e+00
1.757500000000000000e+07	1.000000000000000000e+00
1.758000000000000000e+07	1.000000000000000000e+00
1.758500000000000000e+07	1.000000000000000000e+00
1.759000000000000000e+07	1.000000000000000000e+00
1.759500000000000000e+07	1.000000000000000000e+00
1.760000000000000000e+07	1.000000000000000000e+00
1.760500000000000000e+07	1.000000000000000000e+00
1.761000000000000000e+07	1.000000000000000000e+00
1.761500000000000000e+07	1.000000000000000000e+00
1.762000000000000000e+07	1.000000000000000000e+00
1.762500000000000000e+07	1.000000000000000000e+00
1.763000000000000000e+07	1.000000000000000000e+00
1.763500000000000000e+07	1.000000000000000000e+00
1.764000000000000000e+07	1.000000000000000000e+00
1.764500000000000000e+07	1.000000000000000000e+00
1.765000000000000000e+07	1.000000000000000000e+00
1.765500000000000000e+07	1.000000000000000000e+00
1.766000000000000000e+07	1.000000000000000000e+00
1.766500000000000000e+07	1.000000000000000000e+00
1.767000000000000000e+07	1.000000000000000000e+00
1.767500000000000000e+07	1.000000000000000000e+00
1.768500000000000000e+07	1.000000000000000000e+00
1.769000000000000000e+07	1.000000000000000000e+00
1.769500000000000000e+07	1.000000000000000000e+00
1.770000000000000000e+07	1.000000000000000000e+00
1.770500000000000000e+07	1.000000000000000000e+00
1.771000000000000000e+07	1.000000000000000000e+00
1.771500000000000000e+07	1.000000000000000000e+00
1.772000000000000000e+07	1.000000000000000000e+00
1.772500000000000000e+07	1.000000000000000000e+00
1.773000000000000000e+07	1.000000000000000000e+00
1.773500000000000000e+07	1.000000000000000000e+00
1.774500000000000000e+07	1.000000000000000000e+00
1.775000000000000000e+07	1.000000000000000000e+00
1.775500000000000000e+07	1.000000000000000000e+00
1.776000000000000000e+07	1.000000000000000000e+00
1.776500000000000000e+07	1.000000000000000000e+00
1.777000000000000000e+07	1.000000000000000000e+00
1.777500000000000000e+07	1.000000000000000000e+00
1.778000000000000000e+07	1.000000000000000000e+00
1.778500000000000000e+07	1.000000000000000000e+00
1.779000000000000000e+07	1.000000000000000000e+00
1.779500000000000000e+07	1.000000000000000000e+00
1.780000000000000000e+07	1.000000000000000000e+00
1.780500000000000000e+07	1.000000000000000000e+00
1.781000000000000000e+07	1.000000000000000000e+00
1.781500000000000000e+07	1.000000000000000000e+00
1.782000000000000000e+07	1.000000000000000000e+00
1.782500000000000000e+07	1.000000000000000000e+00
1.783000000000000000e+07	1.000000000000000000e+00
1.783500000000000000e+07	1.000000000000000000e+00
1.784000000000000000e+07	1.000000000000000000e+00
1.784500000000000000e+07	1.000000000000000000e+00
1.785000000000000000e+07	1.000000000000000000e+00
1.785500000000000000e+07	1.000000000000000000e+00
1.786000000000000000e+07	1.000000000000000000e+00
1.786500000000000000e+07	1.000000000000000000e+00
1.787000000000000000e+07	1.000000000000000000e+00
1.787500000000000000e+07	1.000000000000000000e+00
1.788000000000000000e+07	1.000000000000000000e+00
1.788500000000000000e+07	1.000000000000000000e+00
1.789000000000000000e+07	1.000000000000000000e+00
1.789500000000000000e+07	1.000000000000000000e+00
1.790000000000000000e+07	1.000000000000000000e+00
1.790500000000000000e+07	1.000000000000000000e+00
1.791000000000000000e+07	1.000000000000000000e+00
1.791500000000000000e+07	1.000000000000000000e+00
1.792000000000000000e+07	1.000000000000000000e+00
1.792500000000000000e+07	1.000000000000000000e+00
1.793000000000000000e+07	1.000000000000000000e+00
1.793500000000000000e+07	1.000000000000000000e+00
1.794000000000000000e+07	1.000000000000000000e+00
1.794500000000000000e+07	1.000000000000000000e+00
1.795000000000000000e+07	1.000000000000000000e+00
1.795500000000000000e+07	1.000000000000000000e+00
1.796000000000000000e+07	1.000000000000000000e+00
1.796500000000000000e+07	1.000000000000000000e+00
1.797000000000000000e+07	1.000000000000000000e+00
1.797500000000000000e+07	1.000000000000000000e+00
1.798000000000000000e+07	1.000000000000000000e+00
1.798500000000000000e+07	1.000000000000000000e+00
1.799000000000000000e+07	1.000000000000000000e+00
1.799500000000000000e+07	1.000000000000000000e+00
1.800000000000000000e+07	1.000000000000000000e+00
1.800500000000000000e+07	1.000000000000000000e+00
1.801000000000000000e+07	1.000000000000000000e+00
1.801500000000000000e+07	1.000000000000000000e+00
1.802000000000000000e+07	1.000000000000000000e+00
1.802500000000000000e+07	1.000000000000000000e+00
1.803000000000000000e+07	1.000000000000000000e+00
1.803500000000000000e+07	1.000000000000000000e+00
1.804000000000000000e+07	1.000000000000000000e+00
1.804500000000000000e+07	1.000000000000000000e+00
1.805000000000000000e+07	1.000000000000000000e+00
1.805500000000000000e+07	1.000000000000000000e+00
1.806000000000000000e+07	1.000000000000000000e+00
1.806500000000000000e+07	1.000000000000000000e+00
1.807000000000000000e+07	1.000000000000000000e+00
1.807500000000000000e+07	1.000000000000000000e+00
1.808000000000000000e+07	1.000000000000000000e+00
1.808500000000000000e+07	1.000000000000000000e+00
1.809000000000000000e+07	1.000000000000000000e+00
1.809500000000000000e+07	1.000000000000000000e+00
1.810000000000000000e+07	1.000000000000000000e+00
1.810500000000000000e+07	1.000000000000000000e+00
1.811000000000000000e+07	1.000000000000000000e+00
1.811500000000000000e+07	1.000000000000000000e+00
1.812000000000000000e+07	1.000000000000000000e+00
1.812500000000000000e+07	1.000000000000000000e+00
1.813000000000000000e+07	1.000000000000000000e+00
1.813500000000000000e+07	1.000000000000000000e+00
1.814000000000000000e+07	1.000000000000000000e+00
1.814500000000000000e+07	1.000000000000000000e+00
1.817000000000000000e+07	1.000000000000000000e+00
1.817500000000000000e+07	1.000000000000000000e+00
1.818000000000000000e+07	1.000000000000000000e+00
1.819000000000000000e+07	1.000000000000000000e+00
1.819500000000000000e+07	1.000000000000000000e+00
1.820000000000000000e+07	1.000000000000000000e+00
1.820500000000000000e+07	1.000000000000000000e+00
1.821000000000000000e+07	1.000000000000000000e+00
1.821500000000000000e+07	1.000000000000000000e+00
1.822000000000000000e+07	1.000000000000000000e+00
1.906000000000000000e+07	1.000000000000000000e+00
2.480500000000000000e+07	1.000000000000000000e+00
2.484500000000000000e+07	1.000000000000000000e+00
2.485000000000000000e+07	1.000000000000000000e+00
2.485500000000000000e+07	1.000000000000000000e+00
2.486000000000000000e+07	1.000000000000000000e+00
2.486500000000000000e+07	1.000000000000000000e+00
2.487000000000000000e+07	1.000000000000000000e+00
2.722000000000000000e+07	1.000000000000000000e+00
2.722500000000000000e+07	1.000000000000000000e+00
